Temps(ms),Voie3,Voie4
Taken from test0010
0,11
10,10
20,10
30,12
40,10
50,12
60,10
70,11
80,14
90,13
100,11
110,12
120,11
130,12
140,13
150,12
160,11
170,10
180,9
190,12
200,12
210,11
220,12
230,12
240,10
250,14
260,9
270,11
280,11
290,12
300,12
310,12
320,12
330,12
340,10
350,11
360,14
370,12
380,9
390,12
400,11
410,10
420,13
430,13
440,12
450,13
460,10
470,11
480,11
490,12
500,9
510,13
520,11
530,12
540,12
550,11
560,14
570,12
580,12
590,12
600,11
610,12
620,12
630,10
640,12
650,11
660,13
670,12
680,13
690,11
700,10
710,12
720,9
730,12
740,11
750,11
760,11
770,10
780,10
790,11
800,12
810,12
820,13
830,13
840,10
850,13
860,12
870,11
880,12
890,9
900,12
910,12
920,12
930,12
940,13
950,11
960,14
970,12
980,10
990,12
1000,12
1010,12
1020,13
1030,12
1040,12
1050,11
1060,12
1070,10
1080,13
1090,10
1100,11
1110,12
1120,15
1130,12
1140,12
1150,12
1160,13
1170,14
1180,11
1190,11
1200,12
1210,13
1220,12
1230,12
1240,11
1250,12
1260,10
1270,12
1280,12
1290,13
1300,12
1310,12
1320,12
1330,12
1340,12
1350,11
1360,14
1370,10
1380,12
1390,11
1400,12
1410,12
1420,13
1430,11
1440,12
1450,10
1460,11
1470,12
1480,9
1490,12
1500,13
1510,11
1520,11
1530,12
1540,12
1550,13
1560,11
1570,11
1580,11
1590,12
1600,11
1610,12
1620,12
1630,12
1640,9
1650,11
1660,11
1670,12
1680,11
1690,11
1700,11
1710,12
1720,11
1730,11
1740,10
1750,11
1760,12
1770,10
1780,11
1790,12
1800,14
1810,11
1820,11
1830,12
1840,14
1850,12
1860,12
1870,11
1880,12
1890,13
1900,13
1910,12
1920,11
1930,12
1940,12
1950,9
1960,13
1970,11
1980,10
1990,9
2000,11
2010,13
2020,13
2030,12
2040,11
2050,12
2060,12
2070,14
2080,14
2090,12
2100,14
2110,7
2120,12
2130,12
2140,14
2150,11
2160,10
2170,10
2180,13
2190,11
2200,12
2210,12
2220,11
2230,10
2240,13
2250,12
2260,11
2270,12
2280,12
2290,11
2300,12
2310,13
2320,11
2330,9
2340,14
2350,12
2360,11
2370,12
2380,13
2390,12
2400,14
2410,12
2420,11
2430,14
2440,9
2450,11
2460,11
2470,11
2480,10
2490,11
2500,10
2510,11
2520,13
2530,13
2540,10
2550,15
2560,11
2570,12
2580,9
2590,11
2600,11
2610,12
2620,13
2630,12
2640,12
2650,11
2660,10
2670,12
2680,11
2690,12
2700,11
2710,11
2720,10
2730,12
2740,12
2750,12
2760,12
2770,10
2780,12
2790,10
2800,9
2810,11
2820,11
2830,13
2840,11
2850,11
2860,12
2870,11
2880,11
2890,10
2900,12
2910,10
2920,12
2930,12
2940,10
2950,13
2960,13
2970,10
2980,12
2990,11
3000,12
3010,12
3020,11
3030,12
3040,11
3050,14
3060,11
3070,12
3080,13
3090,9
3100,10
3110,11
3120,12
3130,12
3140,13
3150,11
3160,11
3170,10
3180,12
3190,11
3200,9
3210,11
3220,12
3230,12
3240,9
3250,9
3260,12
3270,12
3280,12
3290,11
3300,11
3310,14
3320,12
3330,11
3340,10
3350,11
3360,11
3370,11
3380,13
3390,12
3400,12
3410,11
3420,12
3430,12
3440,12
3450,11
3460,11
3470,11
3480,12
3490,12
3500,12
3510,12
3520,11
3530,11
3540,11
3550,13
3560,11
3570,12
3580,12
3590,12
3600,12
3610,11
3620,11
3630,12
3640,11
3650,10
3660,11
3670,12
3680,14
3690,12
3700,12
3710,11
3720,12
3730,10
3740,12
3750,11
3760,9
3770,11
3780,10
3790,12
3800,10
3810,10
3820,12
3830,12
3840,11
3850,13
3860,13
3870,12
3880,12
3890,12
3900,10
3910,12
3920,10
3930,12
3940,12
3950,11
3960,12
3970,14
3980,13
3990,7
4000,12
4010,12
4020,12
4030,9
4040,12
4050,11
4060,10
4070,11
4080,11
4090,11
4100,10
4110,11
4120,12
4130,11
4140,13
4150,10
4160,10
4170,11
4180,12
4190,10
4200,11
4210,12
4220,12
4230,12
4240,10
4250,10
4260,13
4270,13
4280,11
4290,12
4300,12
4310,13
4320,11
4330,11
4340,11
4350,11
4360,12
4370,11
4380,12
4390,10
4400,9
4410,12
4420,11
4430,8
4440,11
4450,11
4460,11
4470,10
4480,12
4490,11
4500,13
4510,13
4520,12
4530,12
4540,12
4550,12
4560,11
4570,12
4580,10
4590,10
4600,12
4610,12
4620,13
4630,12
4640,10
4650,13
4660,13
4670,11
4680,12
4690,16
4700,13
4710,14
4720,13
4730,11
4740,12
4750,11
4760,12
4770,13
4780,13
4790,12
4800,12
4810,10
4820,12
4830,11
4840,12
4850,11
4860,12
4870,11
4880,11
4890,12
4900,11
4910,11
4920,11
4930,12
4940,11
4950,12
4960,11
4970,10
4980,14
4990,12
5000,13
5010,11
5020,12
5030,12
5040,12
5050,11
5060,12
5070,12
5080,12
5090,12
5100,11
5110,12
5120,12
5130,11
5140,12
5150,12
5160,11
5170,13
5180,12
5190,13
5200,12
5210,13
5220,14
5230,11
5240,11
5250,13
5260,10
5270,12
5280,11
5290,11
5300,12
5310,12
5320,11
5330,12
5340,9
5350,12
5360,13
5370,13
5380,13
5390,12
5400,13
5410,12
5420,11
5430,9
5440,10
5450,10
5460,10
5470,11
5480,12
5490,12
5500,11
5510,11
5520,11
5530,10
5540,10
5550,13
5560,12
5570,12
5580,10
5590,12
5600,11
5610,12
5620,10
5630,11
5640,12
5650,11
5660,12
5670,12
5680,11
5690,13
5700,11
5710,10
5720,12
5730,12
5740,14
5750,11
5760,12
5770,12
5780,12
5790,11
5800,13
5810,12
5820,12
5830,14
5840,13
5850,12
5860,11
5870,11
5880,12
5890,11
5900,11
5910,10
5920,10
5930,11
5940,12
5950,12
5960,11
5970,10
5980,10
5990,12
6000,8
6010,11
6020,11
6030,15
6040,11
6050,13
6060,11
6070,10
6080,12
6090,11
6100,11
6110,12
6120,12
6130,11
6140,9
6150,9
6160,12
6170,11
6180,12
6190,12
6200,11
6210,12
6220,11
6230,10
6240,11
6250,12
6260,12
6270,10
6280,12
6290,12
6300,10
6310,12
6320,13
6330,11
6340,10
6350,12
6360,14
6370,13
6380,12
6390,13
6400,12
6410,12
6420,13
6430,10
6440,10
6450,14
6460,11
6470,11
6480,10
6490,12
6500,12
6510,7
6520,12
6530,12
6540,11
6550,11
6560,13
6570,13
6580,12
6590,12
6600,10
6610,12
6620,13
6630,12
6640,10
6650,11
6660,12
6670,12
6680,12
6690,12
6700,12
6710,12
6720,11
6730,12
6740,13
6750,12
6760,11
6770,12
6780,10
6790,12
6800,12
6810,11
6820,10
6830,11
6840,12
6850,11
6860,11
6870,11
6880,11
6890,14
6900,12
6910,9
6920,13
6930,12
6940,11
6950,12
6960,12
6970,12
6980,10
6990,11
7000,12
7010,12
7020,10
7030,12
7040,11
7050,9
7060,12
7070,12
7080,12
7090,11
7100,12
7110,12
7120,10
7130,11
7140,7
7150,11
7160,13
7170,12
7180,11
7190,12
7200,11
7210,10
7220,13
7230,9
7240,11
7250,11
7260,12
7270,12
7280,11
7290,12
7300,9
7310,6
7320,10
7330,11
7340,10
7350,14
7360,14
7370,11
7380,11
7390,10
7400,14
7410,13
7420,12
7430,11
7440,11
7450,12
7460,12
7470,11
7480,11
7490,12
7500,12
7510,11
7520,12
7530,11
7540,12
7550,12
7560,12
7570,11
7580,11
7590,13
7600,10
7610,12
7620,12
7630,12
7640,13
7650,12
7660,13
7670,12
7680,11
7690,11
7700,7
7710,12
7720,12
7730,13
7740,11
7750,12
7760,11
7770,11
7780,10
7790,12
7800,11
7810,11
7820,12
7830,12
7840,11
7850,12
7860,13
7870,13
7880,13
7890,13
7900,9
7910,12
7920,12
7930,12
7940,13
7950,13
7960,14
7970,11
7980,12
7990,13
8000,10
8010,12
8020,12
8030,13
8040,12
8050,12
8060,12
8070,12
8080,12
8090,12
8100,13
8110,12
8120,12
8130,13
8140,10
8150,10
8160,12
8170,10
8180,12
8190,14
8200,12
8210,11
8220,12
8230,10
8240,12
8250,10
8260,13
8270,13
8280,12
8290,12
8300,12
8310,10
8320,11
8330,12
8340,10
8350,10
8360,13
8370,12
8380,11
8390,13
8400,12
8410,10
8420,11
8430,11
8440,12
8450,10
8460,8
8470,12
8480,12
8490,12
8500,13
8510,11
8520,13
8530,10
8540,9
8550,12
8560,9
8570,13
8580,12
8590,10
8600,11
8610,11
8620,13
8630,11
8640,12
8650,10
8660,12
8670,9
8680,12
8690,12
8700,12
8710,10
8720,13
8730,11
8740,11
8750,11
8760,11
8770,11
8780,11
8790,12
8800,12
8810,9
8820,12
8830,12
8840,11
8850,9
8860,11
8870,9
8880,12
8890,12
8900,10
8910,12
8920,11
8930,12
8940,11
8950,12
8960,11
8970,12
8980,9
8990,12
9000,11
9010,12
9020,11
9030,10
9040,12
9050,11
9060,12
9070,12
9080,11
9090,12
9100,11
9110,11
9120,10
9130,8
9140,10
9150,12
9160,10
9170,12
9180,11
9190,13
9200,12
9210,13
9220,12
9230,11
9240,12
9250,11
9260,15
9270,11
9280,13
9290,12
9300,12
9310,11
9320,12
9330,11
9340,12
9350,11
9360,12
9370,12
9380,12
9390,11
9400,11
9410,12
9420,12
9430,11
9440,11
9450,12
9460,12
9470,12
9480,12
9490,12
9500,14
9510,11
9520,12
9530,11
9540,13
9550,11
9560,11
9570,16
9580,13
9590,10
9600,11
9610,10
9620,12
9630,11
9640,12
9650,10
9660,11
9670,11
9680,12
9690,12
9700,11
9710,12
9720,10
9730,13
9740,11
9750,13
9760,7
9770,9
9780,12
9790,13
9800,11
9810,10
9820,12
9830,8
9840,10
9850,10
9860,12
9870,12
9880,12
9890,12
9900,12
9910,11
9920,12
9930,12
9940,11
9950,12
9960,13
9970,12
9980,12
9990,10
10000,12
10010,11
10020,11
10030,8
10040,13
10050,14
10060,12
10070,10
10080,13
10090,10
10100,11
10110,12
10120,11
10130,11
10140,12
10150,12
10160,12
10170,11
10180,12
10190,12
10200,10
10210,12
10220,12
10230,11
10240,11
10250,11
10260,11
10270,11
10280,11
10290,14
10300,11
10310,12
10320,11
10330,12
10340,12
10350,11
10360,12
10370,12
10380,11
10390,11
10400,11
10410,11
10420,10
10430,11
10440,10
10450,9
10460,13
10470,12
10480,11
10490,9
10500,11
10510,10
10520,12
10530,12
10540,12
10550,10
10560,12
10570,12
10580,12
10590,11
10600,12
10610,11
10620,12
10630,12
10640,11
10650,11
10660,11
10670,11
10680,10
10690,9
10700,9
10710,11
10720,11
10730,13
10740,13
10750,11
10760,11
10770,11
10780,11
10790,12
10800,10
10810,11
10820,10
10830,12
10840,12
10850,11
10860,12
10870,12
10880,10
10890,14
10900,11
10910,12
10920,11
10930,9
10940,14
10950,12
10960,11
10970,9
10980,10
10990,11
11000,11
11010,11
11020,13
11030,10
11040,10
11050,12
11060,12
11070,11
11080,11
11090,10
11100,11
11110,10
11120,13
11130,10
11140,11
11150,13
11160,9
11170,10
11180,11
11190,12
11200,12
11210,11
11220,11
11230,8
11240,11
11250,11
11260,12
11270,11
11280,12
11290,12
11300,11
11310,12
11320,14
11330,11
11340,11
11350,13
11360,14
11370,12
11380,12
11390,13
11400,10
11410,12
11420,10
11430,11
11440,10
11450,11
11460,14
11470,11
11480,12
11490,12
11500,11
11510,10
11520,13
11530,13
11540,12
11550,11
11560,12
11570,12
11580,11
11590,12
11600,12
11610,10
11620,12
11630,11
11640,13
11650,12
11660,9
11670,11
11680,11
11690,12
11700,11
11710,10
11720,11
11730,11
11740,12
11750,12
11760,13
11770,11
11780,13
11790,13
11800,12
11810,12
11820,12
11830,14
11840,10
11850,11
11860,11
11870,11
11880,12
11890,11
11900,11
11910,10
11920,12
11930,11
11940,13
11950,11
11960,12
11970,12
11980,13
11990,12
12000,12
12010,11
12020,12
12030,12
12040,12
12050,13
12060,11
12070,14
12080,11
12090,12
12100,12
12110,9
12120,12
12130,12
12140,11
12150,11
12160,11
12170,13
12180,12
12190,10
12200,11
12210,10
12220,10
12230,12
12240,10
12250,12
12260,12
12270,13
12280,12
12290,11
12300,12
12310,14
12320,10
12330,12
12340,11
12350,12
12360,12
12370,12
12380,10
12390,11
12400,10
12410,11
12420,8
12430,12
12440,11
12450,12
12460,10
12470,11
12480,12
12490,12
12500,11
12510,10
12520,10
12530,11
12540,13
12550,12
12560,12
12570,12
12580,9
12590,10
12600,12
12610,10
12620,10
12630,12
12640,9
12650,11
12660,12
12670,12
12680,13
12690,12
12700,9
12710,10
12720,10
12730,12
12740,11
12750,9
12760,12
12770,10
12780,12
12790,12
12800,10
12810,11
12820,12
12830,12
12840,9
12850,11
12860,12
12870,13
12880,12
12890,11
12900,12
12910,12
12920,12
12930,12
12940,11
12950,11
12960,12
12970,11
12980,12
12990,10
13000,10
13010,12
13020,7
13030,9
13040,10
13050,10
13060,9
13070,12
13080,12
13090,12
13100,11
13110,12
13120,12
13130,10
13140,12
13150,11
13160,10
13170,12
13180,9
13190,11
13200,13
13210,12
13220,9
13230,11
13240,10
13250,11
13260,12
13270,12
13280,13
13290,14
13300,12
13310,12
13320,9
13330,11
13340,11
13350,12
13360,11
13370,10
13380,11
13390,12
13400,13
13410,10
13420,10
13430,12
13440,14
13450,10
13460,13
13470,11
13480,11
13490,11
13500,10
13510,13
13520,12
13530,10
13540,12
13550,12
13560,11
13570,10
13580,12
13590,9
13600,12
13610,12
13620,12
13630,12
13640,11
13650,11
13660,12
13670,11
13680,13
13690,12
13700,12
13710,12
13720,11
13730,12
13740,11
13750,12
13760,11
13770,10
13780,9
13790,12
13800,12
13810,11
13820,12
13830,12
13840,11
13850,11
13860,10
13870,12
13880,12
13890,13
13900,12
13910,11
13920,10
13930,12
13940,12
13950,12
13960,9
13970,12
13980,11
13990,12
14000,12
14010,10
14020,11
14030,11
14040,12
14050,12
14060,12
14070,15
14080,12
14090,13
14100,11
14110,12
14120,11
14130,11
14140,12
14150,11
14160,12
14170,12
14180,12
14190,11
14200,11
14210,11
14220,11
14230,9
14240,11
14250,11
14260,14
14270,13
14280,11
14290,11
14300,9
14310,10
14320,12
14330,11
14340,12
14350,13
14360,11
14370,10
14380,11
14390,12
14400,10
14410,13
14420,12
14430,12
14440,11
14450,11
14460,12
14470,13
14480,11
14490,12
14500,11
14510,12
14520,13
14530,10
14540,12
14550,11
14560,13
14570,12
14580,11
14590,13
14600,13
14610,14
14620,13
14630,12
14640,14
14650,11
14660,11
14670,12
14680,11
14690,12
14700,12
14710,12
14720,10
14730,12
14740,12
14750,12
14760,10
14770,12
14780,11
14790,12
14800,10
14810,12
14820,10
14830,9
14840,11
14850,12
14860,12
14870,12
14880,10
14890,11
14900,11
14910,13
14920,12
14930,11
14940,12
14950,12
14960,14
14970,12
14980,13
14990,12
15000,12
15010,11
15020,9
15030,12
15040,12
15050,12
15060,10
15070,12
15080,12
15090,10
15100,11
15110,12
15120,12
15130,12
15140,12
15150,11
15160,12
15170,10
15180,12
15190,14
15200,14
15210,11
15220,10
15230,10
15240,12
15250,11
15260,11
15270,13
15280,12
15290,11
15300,12
15310,11
15320,9
15330,12
15340,10
15350,8
15360,13
15370,12
15380,12
15390,11
15400,12
15410,15
15420,10
15430,11
15440,11
15450,12
15460,12
15470,12
15480,10
15490,13
15500,11
15510,11
15520,12
15530,11
15540,12
15550,12
15560,12
15570,12
15580,13
15590,11
15600,11
15610,12
15620,12
15630,12
15640,11
15650,12
15660,10
15670,12
15680,11
15690,12
15700,12
15710,12
15720,11
15730,13
15740,12
15750,12
15760,11
15770,12
15780,14
15790,12
15800,11
15810,11
15820,13
15830,13
15840,12
15850,11
15860,12
15870,12
15880,13
15890,11
15900,11
15910,11
15920,11
15930,14
15940,10
15950,11
15960,11
15970,13
15980,11
15990,10
16000,12
16010,11
16020,12
16030,12
16040,11
16050,11
16060,13
16070,13
16080,12
16090,12
16100,13
16110,13
16120,13
16130,11
16140,11
16150,12
16160,12
16170,12
16180,11
16190,12
16200,10
16210,13
16220,12
16230,12
16240,12
16250,12
16260,10
16270,12
16280,12
16290,12
16300,11
16310,11
16320,13
16330,12
16340,12
16350,9
16360,14
16370,10
16380,12
16390,12
16400,11
16410,12
16420,12
16430,11
16440,12
16450,11
16460,11
16470,10
16480,11
16490,13
16500,11
16510,11
16520,10
16530,12
16540,11
16550,12
16560,11
16570,12
16580,11
16590,9
16600,12
16610,12
16620,9
16630,11
16640,11
16650,12
16660,12
16670,12
16680,12
16690,11
16700,12
16710,14
16720,12
16730,13
16740,12
16750,12
16760,10
16770,11
16780,12
16790,12
16800,11
16810,12
16820,12
16830,12
16840,12
16850,12
16860,12
16870,11
16880,12
16890,11
16900,13
16910,11
16920,13
16930,9
16940,12
16950,11
16960,11
16970,12
16980,10
16990,12
17000,10
17010,11
17020,12
17030,9
17040,11
17050,10
17060,11
17070,11
17080,11
17090,11
17100,11
17110,9
17120,12
17130,15
17140,12
17150,11
17160,11
17170,11
17180,13
17190,13
17200,12
17210,10
17220,9
17230,11
17240,10
17250,10
17260,13
17270,10
17280,11
17290,11
17300,12
17310,11
17320,13
17330,11
17340,12
17350,9
17360,8
17370,13
17380,12
17390,12
17400,11
17410,12
17420,12
17430,12
17440,12
17450,9
17460,14
17470,12
17480,11
17490,11
17500,10
17510,12
17520,12
17530,11
17540,10
17550,10
17560,11
17570,14
17580,12
17590,13
17600,13
17610,12
17620,10
17630,10
17640,12
17650,12
17660,12
17670,11
17680,10
17690,13
17700,12
17710,13
17720,12
17730,12
17740,15
17750,12
17760,11
17770,12
17780,11
17790,10
17800,11
17810,13
17820,10
17830,12
17840,12
17850,12
17860,10
17870,11
17880,12
17890,9
17900,12
17910,12
17920,12
17930,10
17940,11
17950,13
17960,12
17970,12
17980,10
17990,11
18000,9
18010,10
18020,13
18030,12
18040,12
18050,12
18060,11
18070,9
18080,11
18090,11
18100,11
18110,11
18120,12
18130,12
18140,11
18150,13
18160,12
18170,12
18180,11
18190,12
18200,12
18210,12
18220,9
18230,12
18240,13
18250,12
18260,10
18270,11
18280,11
18290,12
18300,10
18310,12
18320,9
18330,12
18340,12
18350,14
18360,12
18370,11
18380,12
18390,12
18400,13
18410,10
18420,10
18430,11
18440,13
18450,11
18460,12
18470,12
18480,10
18490,9
18500,13
18510,12
18520,14
18530,11
18540,12
18550,10
18560,10
18570,12
18580,12
18590,10
18600,13
18610,11
18620,11
18630,6
18640,12
18650,12
18660,12
18670,11
18680,12
18690,9
18700,12
18710,13
18720,9
18730,12
18740,10
18750,9
18760,11
18770,10
18780,11
18790,12
18800,12
18810,12
18820,12
18830,11
18840,12
18850,9
18860,13
18870,12
18880,12
18890,11
18900,12
18910,9
18920,12
18930,11
18940,10
18950,12
18960,12
18970,12
18980,13
18990,13
19000,10
19010,12
19020,10
19030,10
19040,12
19050,12
19060,12
19070,10
19080,12
19090,11
19100,12
19110,12
19120,12
19130,12
19140,13
19150,11
19160,12
19170,12
19180,12
19190,14
19200,11
19210,9
19220,13
19230,12
19240,11
19250,12
19260,11
19270,10
19280,9
19290,9
19300,12
19310,12
19320,12
19330,12
19340,12
19350,11
19360,12
19370,11
19380,12
19390,11
19400,12
19410,12
19420,11
19430,12
19440,10
19450,9
19460,11
19470,10
19480,13
19490,11
19500,13
19510,12
19520,12
19530,12
19540,12
19550,12
19560,10
19570,12
19580,10
19590,10
19600,10
19610,12
19620,9
19630,10
19640,10
19650,8
19660,11
19670,11
19680,12
19690,9
19700,12
19710,12
19720,10
19730,11
19740,12
19750,9
19760,11
19770,10
19780,13
19790,12
19800,15
19810,12
19820,13
19830,11
19840,11
19850,13
19860,12
19870,12
19880,12
19890,11
19900,11
19910,13
19920,12
19930,13
19940,10
19950,11
19960,11
19970,12
19980,11
19990,11
20000,12
20010,14
20020,11
20030,9
20040,10
20050,13
20060,13
20070,11
20080,11
20090,11
20100,12
20110,9
20120,12
20130,12
20140,10
20150,13
20160,11
20170,10
20180,13
20190,10
20200,10
20210,13
20220,12
20230,11
20240,12
20250,12
20260,10
20270,12
20280,11
20290,12
20300,13
20310,12
20320,11
20330,11
20340,12
20350,12
20360,10
20370,11
20380,10
20390,11
20400,12
20410,12
20420,12
20430,12
20440,12
20450,11
20460,12
20470,13
20480,7
20490,13
20500,10
20510,13
20520,12
20530,15
20540,11
20550,14
20560,11
20570,12
20580,10
20590,13
20600,11
20610,11
20620,11
20630,12
20640,12
20650,10
20660,12
20670,12
20680,13
20690,11
20700,11
20710,10
20720,13
20730,11
20740,12
20750,10
20760,13
20770,13
20780,10
20790,12
20800,13
20810,10
20820,13
20830,12
20840,12
20850,12
20860,12
20870,11
20880,11
20890,15
20900,11
20910,11
20920,11
20930,13
20940,11
20950,12
20960,12
20970,12
20980,12
20990,9
21000,10
21010,12
21020,12
21030,12
21040,11
21050,10
21060,12
21070,10
21080,12
21090,14
21100,11
21110,12
21120,12
21130,11
21140,12
21150,15
21160,10
21170,11
21180,11
21190,12
21200,11
21210,12
21220,10
21230,10
21240,10
21250,12
21260,12
21270,12
21280,11
21290,11
21300,12
21310,12
21320,12
21330,12
21340,11
21350,10
21360,13
21370,11
21380,11
21390,9
21400,12
21410,12
21420,12
21430,11
21440,7
21450,9
21460,10
21470,12
21480,11
21490,12
21500,12
21510,13
21520,10
21530,10
21540,12
21550,12
21560,11
21570,11
21580,10
21590,12
21600,11
21610,12
21620,9
21630,13
21640,12
21650,12
21660,12
21670,12
21680,12
21690,11
21700,11
21710,11
21720,12
21730,11
21740,12
21750,12
21760,12
21770,11
21780,12
21790,12
21800,11
21810,12
21820,12
21830,12
21840,12
21850,10
21860,11
21870,10
21880,12
21890,11
21900,10
21910,8
21920,9
21930,12
21940,13
21950,13
21960,14
21970,11
21980,11
21990,12
22000,12
22010,11
22020,10
22030,9
22040,12
22050,12
22060,11
22070,12
22080,13
22090,12
22100,11
22110,10
22120,10
22130,12
22140,11
22150,12
22160,13
22170,12
22180,14
22190,11
22200,11
22210,12
22220,11
22230,9
22240,12
22250,9
22260,10
22270,10
22280,10
22290,14
22300,11
22310,9
22320,11
22330,12
22340,12
22350,11
22360,12
22370,12
22380,12
22390,12
22400,10
22410,12
22420,10
22430,11
22440,11
22450,11
22460,9
22470,12
22480,12
22490,12
22500,11
22510,12
22520,12
22530,13
22540,12
22550,10
22560,12
22570,11
22580,12
22590,12
22600,12
22610,12
22620,12
22630,10
22640,10
22650,14
22660,9
22670,12
22680,10
22690,12
22700,12
22710,12
22720,10
22730,11
22740,11
22750,10
22760,10
22770,12
22780,12
22790,12
22800,11
22810,12
22820,12
22830,11
22840,10
22850,12
22860,12
22870,12
22880,10
22890,12
22900,11
22910,10
22920,12
22930,11
22940,13
22950,12
22960,11
22970,12
22980,13
22990,11
23000,9
23010,10
23020,10
23030,9
23040,12
23050,13
23060,12
23070,10
23080,11
23090,11
23100,10
23110,12
23120,12
23130,11
23140,12
23150,9
23160,11
23170,7
23180,9
23190,10
23200,12
23210,10
23220,11
23230,12
23240,11
23250,10
23260,13
23270,13
23280,11
23290,10
23300,11
23310,10
23320,12
23330,10
23340,12
23350,12
23360,13
23370,12
23380,12
23390,13
23400,11
23410,12
23420,12
23430,11
23440,12
23450,10
23460,13
23470,12
23480,12
23490,12
23500,12
23510,12
23520,11
23530,12
23540,11
23550,13
23560,12
23570,12
23580,10
23590,11
23600,12
23610,12
23620,12
23630,12
23640,12
23650,12
23660,12
23670,12
23680,6
23690,11
23700,12
23710,12
23720,13
23730,12
23740,11
23750,12
23760,9
23770,12
23780,9
23790,8
23800,12
23810,10
23820,12
23830,11
23840,13
23850,12
23860,12
23870,11
23880,10
23890,12
23900,12
23910,9
23920,12
23930,12
23940,13
23950,12
23960,11
23970,10
23980,12
23990,11
24000,12
24010,10
24020,11
24030,12
24040,11
24050,10
24060,10
24070,12
24080,9
24090,9
24100,12
24110,11
24120,10
24130,11
24140,12
24150,11
24160,10
24170,12
24180,11
24190,12
24200,12
24210,12
24220,10
24230,12
24240,11
24250,12
24260,11
24270,10
24280,14
24290,9
24300,11
24310,12
24320,14
24330,10
24340,11
24350,13
24360,11
24370,10
24380,12
24390,12
24400,12
24410,13
24420,12
24430,11
24440,11
24450,9
24460,12
24470,12
24480,13
24490,12
24500,10
24510,12
24520,12
24530,10
24540,11
24550,11
24560,11
24570,11
24580,11
24590,12
24600,11
24610,12
24620,9
24630,12
24640,11
24650,12
24660,12
24670,13
24680,12
24690,14
24700,12
24710,13
24720,8
24730,12
24740,12
24750,12
24760,12
24770,13
24780,12
24790,12
24800,9
24810,11
24820,11
24830,11
24840,12
24850,12
24860,12
24870,11
24880,9
24890,12
24900,11
24910,10
24920,12
24930,12
24940,10
24950,12
24960,13
24970,12
24980,11
24990,10
25000,10
25010,12
25020,12
25030,11
25040,11
25050,10
25060,10
25070,13
25080,13
25090,9
25100,13
25110,11
25120,12
25130,11
25140,10
25150,12
25160,10
25170,13
25180,10
25190,11
25200,10
25210,11
25220,10
25230,11
25240,12
25250,12
25260,10
25270,12
25280,14
25290,9
25300,12
25310,10
25320,11
25330,12
25340,12
25350,13
25360,15
25370,11
25380,10
25390,11
25400,12
25410,11
25420,11
25430,11
25440,12
25450,12
25460,12
25470,13
25480,8
25490,11
25500,13
25510,9
25520,12
25530,12
25540,12
25550,14
25560,9
25570,10
25580,11
25590,12
25600,10
25610,10
25620,10
25630,13
25640,11
25650,12
25660,12
25670,10
25680,10
25690,9
25700,12
25710,12
25720,12
25730,13
25740,10
25750,12
25760,11
25770,12
25780,12
25790,9
25800,12
25810,11
25820,13
25830,12
25840,11
25850,12
25860,12
25870,7
25880,9
25890,12
25900,11
25910,12
25920,11
25930,13
25940,13
25950,12
25960,10
25970,9
25980,11
25990,11
26000,12
26010,14
26020,12
26030,12
26040,9
26050,13
26060,12
26070,11
26080,14
26090,13
26100,11
26110,10
26120,13
26130,12
26140,12
26150,11
26160,12
26170,11
26180,11
26190,13
26200,12
26210,11
26220,10
26230,10
26240,14
26250,11
26260,12
26270,12
26280,11
26290,8
26300,12
26310,10
26320,12
26330,13
26340,11
26350,11
26360,9
26370,13
26380,13
26390,14
26400,11
26410,10
26420,10
26430,12
26440,12
26450,11
26460,9
26470,12
26480,11
26490,13
26500,11
26510,10
26520,13
26530,12
26540,10
26550,12
26560,12
26570,12
26580,12
26590,12
26600,14
26610,10
26620,10
26630,11
26640,12
26650,12
26660,9
26670,12
26680,10
26690,12
26700,12
26710,10
26720,12
26730,9
26740,10
26750,12
26760,11
26770,13
26780,11
26790,12
26800,12
26810,11
26820,11
26830,12
26840,10
26850,12
26860,11
26870,11
26880,12
26890,12
26900,12
26910,12
26920,12
26930,11
26940,10
26950,12
26960,12
26970,12
26980,12
26990,13
27000,12
27010,9
27020,9
27030,9
27040,10
27050,12
27060,13
27070,12
27080,10
27090,10
27100,12
27110,12
27120,12
27130,12
27140,11
27150,12
27160,12
27170,12
27180,12
27190,11
27200,10
27210,7
27220,11
27230,12
27240,12
27250,12
27260,12
27270,13
27280,12
27290,12
27300,12
27310,11
27320,11
27330,10
27340,11
27350,12
27360,12
27370,12
27380,12
27390,12
27400,13
27410,13
27420,12
27430,13
27440,10
27450,11
27460,12
27470,12
27480,12
27490,13
27500,11
27510,12
27520,12
27530,12
27540,12
27550,11
27560,13
27570,11
27580,10
27590,9
27600,12
27610,10
27620,11
27630,13
27640,11
27650,11
27660,11
27670,11
27680,13
27690,12
27700,11
27710,12
27720,9
27730,12
27740,11
27750,11
27760,12
27770,12
27780,11
27790,11
27800,9
27810,11
27820,13
27830,12
27840,9
27850,11
27860,13
27870,12
27880,11
27890,10
27900,12
27910,12
27920,11
27930,12
27940,11
27950,13
27960,11
27970,12
27980,12
27990,11
28000,10
28010,12
28020,12
28030,11
28040,11
28050,12
28060,11
28070,13
28080,13
28090,13
28100,12
28110,12
28120,10
28130,10
28140,11
28150,11
28160,12
28170,12
28180,11
28190,9
28200,10
28210,12
28220,10
28230,9
28240,10
28250,12
28260,10
28270,14
28280,12
28290,11
28300,12
28310,12
28320,12
28330,13
28340,15
28350,11
28360,12
28370,10
28380,12
28390,12
28400,12
28410,11
28420,12
28430,11
28440,12
28450,13
28460,11
28470,12
28480,6
28490,12
28500,12
28510,10
28520,11
28530,10
28540,12
28550,12
28560,11
28570,12
28580,10
28590,10
28600,12
28610,13
28620,12
28630,10
28640,12
28650,12
28660,14
28670,12
28680,10
28690,11
28700,9
28710,13
28720,10
28730,12
28740,10
28750,11
28760,12
28770,9
28780,12
28790,12
28800,13
28810,12
28820,12
28830,12
28840,11
28850,12
28860,12
28870,13
28880,13
28890,9
28900,11
28910,14
28920,13
28930,9
28940,12
28950,12
28960,12
28970,12
28980,12
28990,10
29000,13
29010,12
29020,10
29030,12
29040,13
29050,12
29060,11
29070,10
29080,12
29090,13
29100,12
29110,12
29120,13
29130,11
29140,11
29150,12
29160,13
29170,11
29180,12
29190,14
29200,11
29210,12
29220,12
29230,12
29240,10
29250,12
29260,9
29270,13
29280,13
29290,10
29300,13
29310,11
29320,12
29330,11
29340,10
29350,11
29360,10
29370,10
29380,12
29390,12
29400,12
29410,10
29420,12
29430,12
29440,10
29450,10
29460,12
29470,11
29480,11
29490,12
29500,11
29510,12
29520,11
29530,12
29540,12
29550,12
29560,12
29570,11
29580,10
29590,12
29600,11
29610,9
29620,11
29630,11
29640,12
29650,11
29660,8
29670,12
29680,12
29690,11
29700,9
29710,12
29720,13
29730,13
29740,10
29750,12
29760,9
29770,11
29780,13
29790,10
29800,10
29810,13
29820,12
29830,10
29840,12
29850,10
29860,11
29870,11
29880,12
29890,13
29900,10
29910,12
29920,9
29930,10
29940,12
29950,12
29960,11
29970,9
29980,12
29990,9
30000,12
30010,11
30020,10
30030,11
30040,12
30050,11
30060,11
30070,11
30080,10
30090,12
30100,12
30110,12
30120,11
30130,13
30140,13
30150,11
30160,11
30170,12
30180,12
30190,10
30200,13
30210,12
30220,13
30230,12
30240,12
30250,12
30260,11
30270,12
30280,10
30290,12
30300,11
30310,12
30320,12
30330,10
30340,13
30350,12
30360,11
30370,11
30380,11
30390,13
30400,12
30410,10
30420,12
30430,12
30440,11
30450,11
30460,10
30470,12
30480,11
30490,11
30500,12
30510,12
30520,13
30530,10
30540,12
30550,11
30560,10
30570,11
30580,11
30590,11
30600,11
30610,11
30620,11
30630,11
30640,12
30650,11
30660,11
30670,9
30680,12
30690,12
30700,13
30710,12
30720,11
30730,10
30740,12
30750,12
30760,10
30770,11
30780,10
30790,12
30800,15
30810,13
30820,13
30830,11
30840,13
30850,13
30860,12
30870,11
30880,14
30890,11
30900,11
30910,10
30920,12
30930,11
30940,13
30950,11
30960,11
30970,10
30980,11
30990,12
31000,12
31010,12
31020,10
31030,13
31040,11
31050,13
31060,12
31070,11
31080,9
31090,11
31100,12
31110,11
31120,11
31130,12
31140,12
31150,10
31160,12
31170,11
31180,11
31190,13
31200,12
31210,11
31220,11
31230,10
31240,11
31250,12
31260,9
31270,11
31280,11
31290,12
31300,12
31310,12
31320,12
31330,13
31340,13
31350,9
31360,11
31370,11
31380,11
31390,13
31400,11
31410,12
31420,13
31430,12
31440,11
31450,12
31460,12
31470,12
31480,11
31490,10
31500,11
31510,12
31520,10
31530,10
31540,10
31550,13
31560,10
31570,12
31580,12
31590,13
31600,11
31610,13
31620,12
31630,10
31640,10
31650,11
31660,11
31670,11
31680,12
31690,12
31700,10
31710,10
31720,9
31730,11
31740,15
31750,14
31760,12
31770,12
31780,12
31790,10
31800,10
31810,10
31820,12
31830,12
31840,12
31850,13
31860,10
31870,13
31880,12
31890,13
31900,14
31910,12
31920,13
31930,10
31940,12
31950,11
31960,12
31970,11
31980,12
31990,12
32000,11
32010,12
32020,10
32030,12
32040,12
32050,10
32060,10
32070,11
32080,10
32090,12
32100,12
32110,10
32120,11
32130,12
32140,11
32150,12
32160,14
32170,12
32180,11
32190,11
32200,12
32210,11
32220,12
32230,11
32240,13
32250,12
32260,12
32270,10
32280,10
32290,9
32300,12
32310,12
32320,10
32330,11
32340,12
32350,10
32360,10
32370,10
32380,12
32390,12
32400,11
32410,10
32420,11
32430,9
32440,12
32450,11
32460,10
32470,11
32480,11
32490,11
32500,12
32510,14
32520,11
32530,10
32540,12
32550,11
32560,10
32570,11
32580,14
32590,12
32600,11
32610,12
32620,12
32630,11
32640,10
32650,11
32660,11
32670,11
32680,12
32690,13
32700,13
32710,11
32720,12
32730,11
32740,13
32750,12
32760,12
32770,12
32780,12
32790,12
32800,11
32810,11
32820,11
32830,12
32840,11
32850,12
32860,12
32870,10
32880,10
32890,11
32900,12
32910,12
32920,12
32930,12
32940,10
32950,11
32960,12
32970,11
32980,12
32990,12
33000,12
33010,11
33020,12
33030,12
33040,10
33050,10
33060,11
33070,8
33080,10
33090,12
33100,12
33110,12
33120,13
33130,11
33140,11
33150,11
33160,12
33170,13
33180,10
33190,11
33200,10
33210,12
33220,12
33230,10
33240,11
33250,11
33260,13
33270,12
33280,11
33290,11
33300,10
33310,13
33320,12
33330,10
33340,12
33350,11
33360,12
33370,12
33380,12
33390,12
33400,10
33410,11
33420,12
33430,8
33440,9
33450,12
33460,12
33470,11
33480,12
33490,12
33500,11
33510,13
33520,12
33530,12
33540,12
33550,12
33560,10
33570,12
33580,12
33590,11
33600,12
33610,11
33620,10
33630,12
33640,11
33650,11
33660,12
33670,12
33680,12
33690,12
33700,11
33710,12
33720,12
33730,12
33740,11
33750,13
33760,10
33770,12
33780,12
33790,11
33800,12
33810,13
33820,13
33830,12
33840,12
33850,11
33860,11
33870,11
33880,10
33890,12
33900,12
33910,10
33920,11
33930,12
33940,13
33950,12
33960,12
33970,11
33980,11
33990,10
34000,10
34010,12
34020,8
34030,11
34040,12
34050,12
34060,12
34070,13
34080,12
34090,10
34100,12
34110,11
34120,10
34130,12
34140,11
34150,10
34160,13
34170,10
34180,11
34190,11
34200,12
34210,12
34220,10
34230,11
34240,13
34250,12
34260,11
34270,12
34280,13
34290,11
34300,10
34310,11
34320,12
34330,11
34340,12
34350,12
34360,11
34370,12
34380,13
34390,12
34400,9
34410,11
34420,12
34430,11
34440,15
34450,11
34460,10
34470,12
34480,10
34490,12
34500,12
34510,12
34520,14
34530,11
34540,9
34550,10
34560,12
34570,11
34580,12
34590,12
34600,11
34610,12
34620,12
34630,10
34640,11
34650,10
34660,11
34670,11
34680,11
34690,11
34700,12
34710,13
34720,11
34730,11
34740,11
34750,11
34760,10
34770,12
34780,12
34790,12
34800,11
34810,13
34820,10
34830,11
34840,12
34850,11
34860,12
34870,12
34880,11
34890,12
34900,12
34910,12
34920,12
34930,11
34940,12
34950,12
34960,10
34970,11
34980,11
34990,10
35000,11
35010,11
35020,10
35030,11
35040,12
35050,14
35060,12
35070,13
35080,11
35090,12
35100,13
35110,12
35120,12
35130,10
35140,11
35150,11
35160,12
35170,11
35180,11
35190,11
35200,13
35210,11
35220,11
35230,15
35240,10
35250,13
35260,12
35270,12
35280,12
35290,12
35300,12
35310,10
35320,12
35330,12
35340,11
35350,12
35360,10
35370,11
35380,11
35390,11
35400,12
35410,11
35420,10
35430,10
35440,9
35450,12
35460,11
35470,10
35480,10
35490,11
35500,12
35510,11
35520,13
35530,10
35540,12
35550,11
35560,12
35570,12
35580,10
35590,13
35600,11
35610,14
35620,9
35630,10
35640,10
35650,11
35660,10
35670,12
35680,11
35690,12
35700,12
35710,11
35720,12
35730,10
35740,12
35750,10
35760,12
35770,12
35780,9
35790,10
35800,9
35810,12
35820,11
35830,11
35840,11
35850,12
35860,10
35870,11
35880,10
35890,12
35900,12
35910,10
35920,10
35930,12
35940,12
35950,12
35960,13
35970,12
35980,11
35990,11
36000,11
36010,10
36020,11
36030,12
36040,12
36050,12
36060,15
36070,12
36080,12
36090,13
36100,12
36110,11
36120,12
36130,12
36140,9
36150,10
36160,11
36170,14
36180,10
36190,10
36200,11
36210,10
36220,12
36230,12
36240,11
36250,10
36260,12
36270,13
36280,13
36290,12
36300,11
36310,7
36320,12
36330,12
36340,15
36350,12
36360,12
36370,13
36380,13
36390,14
36400,13
36410,12
36420,12
36430,11
36440,13
36450,12
36460,12
36470,11
36480,12
36490,11
36500,10
36510,10
36520,10
36530,11
36540,12
36550,10
36560,12
36570,11
36580,11
36590,11
36600,12
36610,11
36620,12
36630,12
36640,12
36650,11
36660,11
36670,9
36680,11
36690,12
36700,11
36710,10
36720,12
36730,12
36740,11
36750,11
36760,10
36770,9
36780,10
36790,12
36800,9
36810,11
36820,12
36830,11
36840,11
36850,12
36860,12
36870,11
36880,12
36890,9
36900,11
36910,12
36920,12
36930,9
36940,11
36950,12
36960,14
36970,13
36980,11
36990,12
37000,12
37010,11
37020,11
37030,11
37040,13
37050,15
37060,12
37070,13
37080,11
37090,11
37100,12
37110,11
37120,10
37130,10
37140,9
37150,10
37160,13
37170,11
37180,11
37190,10
37200,12
37210,11
37220,13
37230,11
37240,11
37250,10
37260,12
37270,11
37280,11
37290,11
37300,13
37310,11
37320,10
37330,11
37340,15
37350,13
37360,11
37370,10
37380,11
37390,11
37400,9
37410,13
37420,12
37430,10
37440,12
37450,12
37460,12
37470,12
37480,10
37490,13
37500,12
37510,11
37520,13
37530,12
37540,8
37550,12
37560,10
37570,10
37580,10
37590,11
37600,12
37610,13
37620,10
37630,12
37640,11
37650,13
37660,12
37670,10
37680,12
37690,12
37700,11
37710,9
37720,12
37730,11
37740,10
37750,12
37760,12
37770,10
37780,12
37790,11
37800,12
37810,13
37820,11
37830,12
37840,12
37850,9
37860,13
37870,12
37880,11
37890,9
37900,10
37910,12
37920,10
37930,11
37940,11
37950,12
37960,12
37970,10
37980,12
37990,11
38000,10
38010,13
38020,12
38030,12
38040,12
38050,12
38060,12
38070,9
38080,12
38090,11
38100,13
38110,11
38120,8
38130,12
38140,12
38150,10
38160,11
38170,11
38180,10
38190,11
38200,13
38210,10
38220,10
38230,10
38240,10
38250,12
38260,12
38270,13
38280,12
38290,11
38300,10
38310,12
38320,9
38330,11
38340,11
38350,12
38360,12
38370,12
38380,12
38390,12
38400,14
38410,12
38420,11
38430,11
38440,12
38450,11
38460,12
38470,12
38480,10
38490,10
38500,12
38510,12
38520,12
38530,12
38540,11
38550,10
38560,9
38570,12
38580,14
38590,13
38600,13
38610,12
38620,12
38630,12
38640,9
38650,11
38660,10
38670,11
38680,10
38690,10
38700,11
38710,10
38720,11
38730,14
38740,12
38750,12
38760,11
38770,13
38780,14
38790,11
38800,12
38810,10
38820,12
38830,9
38840,9
38850,11
38860,14
38870,13
38880,12
38890,12
38900,12
38910,13
38920,12
38930,11
38940,13
38950,12
38960,13
38970,12
38980,12
38990,11
39000,12
39010,13
39020,10
39030,12
39040,12
39050,10
39060,12
39070,12
39080,11
39090,10
39100,13
39110,12
39120,11
39130,12
39140,12
39150,12
39160,12
39170,13
39180,11
39190,10
39200,13
39210,10
39220,9
39230,13
39240,13
39250,11
39260,8
39270,10
39280,12
39290,10
39300,13
39310,12
39320,11
39330,13
39340,11
39350,11
39360,10
39370,10
39380,10
39390,12
39400,12
39410,11
39420,12
39430,11
39440,11
39450,13
39460,12
39470,12
39480,12
39490,10
39500,12
39510,9
39520,12
39530,12
39540,10
39550,12
39560,11
39570,10
39580,12
39590,12
39600,11
39610,10
39620,12
39630,11
39640,12
39650,12
39660,10
39670,12
39680,11
39690,12
39700,10
39710,11
39720,12
39730,10
39740,12
39750,11
39760,8
39770,12
39780,10
39790,12
39800,13
39810,10
39820,12
39830,10
39840,10
39850,11
39860,12
39870,12
39880,12
39890,12
39900,12
39910,12
39920,10
39930,9
39940,11
39950,11
39960,11
39970,12
39980,12
39990,11
40000,12
40010,12
40020,12
40030,12
40040,12
40050,10
40060,12
40070,12
40080,12
40090,12
40100,13
40110,12
40120,10
40130,11
40140,11
40150,11
40160,13
40170,14
40180,11
40190,13
40200,12
40210,13
40220,11
40230,12
40240,11
40250,8
40260,13
40270,11
40280,12
40290,10
40300,12
40310,10
40320,11
40330,12
40340,10
40350,10
40360,12
40370,12
40380,11
40390,11
40400,12
40410,12
40420,11
40430,10
40440,10
40450,10
40460,12
40470,11
40480,11
40490,10
40500,12
40510,13
40520,12
40530,12
40540,12
40550,12
40560,11
40570,11
40580,11
40590,13
40600,14
40610,10
40620,12
40630,12
40640,13
40650,13
40660,13
40670,10
40680,12
40690,11
40700,11
40710,12
40720,13
40730,13
40740,12
40750,11
40760,11
40770,9
40780,12
40790,9
40800,12
40810,13
40820,12
40830,13
40840,13
40850,10
40860,12
40870,10
40880,12
40890,13
40900,11
40910,10
40920,9
40930,13
40940,12
40950,11
40960,11
40970,12
40980,12
40990,12
41000,12
41010,10
41020,9
41030,10
41040,12
41050,10
41060,12
41070,13
41080,11
41090,13
41100,13
41110,11
41120,10
41130,12
41140,11
41150,12
41160,12
41170,11
41180,11
41190,11
41200,12
41210,11
41220,12
41230,10
41240,12
41250,10
41260,11
41270,10
41280,12
41290,10
41300,12
41310,12
41320,11
41330,12
41340,11
41350,12
41360,9
41370,11
41380,13
41390,11
41400,11
41410,12
41420,11
41430,11
41440,12
41450,11
41460,12
41470,11
41480,13
41490,12
41500,11
41510,12
41520,12
41530,11
41540,12
41550,11
41560,10
41570,12
41580,14
41590,11
41600,12
41610,12
41620,12
41630,10
41640,12
41650,10
41660,12
41670,11
41680,11
41690,11
41700,10
41710,10
41720,12
41730,12
41740,12
41750,11
41760,10
41770,12
41780,10
41790,11
41800,12
41810,11
41820,10
41830,14
41840,11
41850,13
41860,12
41870,12
41880,10
41890,12
41900,12
41910,12
41920,11
41930,11
41940,11
41950,11
41960,12
41970,11
41980,10
41990,11
42000,11
42010,12
42020,12
42030,10
42040,12
42050,10
42060,12
42070,11
42080,12
42090,13
42100,12
42110,13
42120,10
42130,12
42140,10
42150,12
42160,10
42170,11
42180,12
42190,12
42200,11
42210,12
42220,10
42230,9
42240,12
42250,10
42260,11
42270,11
42280,11
42290,10
42300,12
42310,12
42320,11
42330,11
42340,12
42350,12
42360,12
42370,10
42380,11
42390,11
42400,11
42410,12
42420,10
42430,12
42440,11
42450,12
42460,12
42470,10
42480,10
42490,11
42500,11
42510,10
42520,11
42530,11
42540,12
42550,12
42560,12
42570,12
42580,11
42590,11
42600,10
42610,13
42620,11
42630,11
42640,10
42650,10
42660,12
42670,9
42680,10
42690,12
42700,11
42710,11
42720,11
42730,10
42740,11
42750,11
42760,12
42770,11
42780,13
42790,11
42800,12
42810,11
42820,10
42830,11
42840,11
42850,13
42860,11
42870,13
42880,13
42890,12
42900,12
42910,10
42920,11
42930,11
42940,11
42950,12
42960,13
42970,12
42980,13
42990,12
43000,12
43010,9
43020,11
43030,9
43040,11
43050,10
43060,11
43070,13
43080,13
43090,12
43100,12
43110,11
43120,12
43130,11
43140,10
43150,7
43160,8
43170,11
43180,12
43190,10
43200,10
43210,11
43220,13
43230,11
43240,9
43250,12
43260,12
43270,12
43280,12
43290,12
43300,12
43310,10
43320,12
43330,11
43340,11
43350,12
43360,11
43370,11
43380,12
43390,13
43400,12
43410,12
43420,13
43430,10
43440,10
43450,10
43460,12
43470,12
43480,10
43490,13
43500,14
43510,11
43520,10
43530,12
43540,12
43550,10
43560,12
43570,12
43580,12
43590,10
43600,10
43610,12
43620,10
43630,12
43640,12
43650,12
43660,11
43670,12
43680,10
43690,11
43700,11
43710,11
43720,9
43730,12
43740,12
43750,13
43760,12
43770,10
43780,11
43790,14
43800,12
43810,11
43820,12
43830,12
43840,12
43850,12
43860,12
43870,11
43880,12
43890,11
43900,12
43910,12
43920,12
43930,12
43940,11
43950,12
43960,11
43970,12
43980,12
43990,11
44000,12
44010,11
44020,12
44030,9
44040,13
44050,12
44060,9
44070,12
44080,13
44090,12
44100,10
44110,11
44120,12
44130,10
44140,11
44150,12
44160,9
44170,12
44180,12
44190,12
44200,7
44210,11
44220,12
44230,11
44240,11
44250,10
44260,9
44270,13
44280,13
44290,10
44300,10
44310,12
44320,11
44330,11
44340,12
44350,12
44360,10
44370,10
44380,11
44390,12
44400,11
44410,10
44420,12
44430,13
44440,12
44450,13
44460,13
44470,13
44480,10
44490,12
44500,11
44510,12
44520,12
44530,11
44540,13
44550,12
44560,12
44570,12
44580,12
44590,10
44600,12
44610,11
44620,11
44630,11
44640,11
44650,11
44660,12
44670,12
44680,12
44690,13
44700,11
44710,10
44720,12
44730,12
44740,12
44750,11
44760,11
44770,11
44780,12
44790,12
44800,11
44810,12
44820,11
44830,11
44840,11
44850,9
44860,12
44870,13
44880,10
44890,11
44900,9
44910,11
44920,12
44930,12
44940,11
44950,12
44960,10
44970,13
44980,12
44990,11
45000,12
45010,12
45020,10
45030,12
45040,12
45050,9
45060,11
45070,11
45080,12
45090,12
45100,11
45110,12
45120,13
45130,11
45140,12
45150,10
45160,10
45170,12
45180,14
45190,14
45200,11
45210,12
45220,10
45230,12
45240,10
45250,12
45260,11
45270,11
45280,11
45290,12
45300,11
45310,10
45320,12
45330,12
45340,12
45350,11
45360,12
45370,12
45380,10
45390,11
45400,12
45410,10
45420,12
45430,12
45440,11
45450,10
45460,12
45470,10
45480,11
45490,13
45500,12
45510,10
45520,10
45530,10
45540,11
45550,12
45560,10
45570,12
45580,13
45590,12
45600,12
45610,13
45620,10
45630,12
45640,12
45650,12
45660,10
45670,12
45680,12
45690,11
45700,12
45710,12
45720,11
45730,13
45740,11
45750,13
45760,12
45770,12
45780,8
45790,13
45800,13
45810,11
45820,12
45830,12
45840,12
45850,12
45860,10
45870,14
45880,11
45890,12
45900,12
45910,12
45920,14
45930,11
45940,12
45950,12
45960,12
45970,12
45980,12
45990,12
46000,11
46010,11
46020,12
46030,10
46040,13
46050,10
46060,12
46070,13
46080,11
46090,10
46100,13
46110,10
46120,12
46130,12
46140,12
46150,12
46160,12
46170,10
46180,12
46190,11
46200,13
46210,11
46220,12
46230,12
46240,12
46250,10
46260,12
46270,10
46280,12
46290,11
46300,12
46310,12
46320,12
46330,12
46340,12
46350,12
46360,13
46370,12
46380,10
46390,12
46400,11
46410,11
46420,12
46430,11
46440,16
46450,12
46460,10
46470,9
46480,11
46490,12
46500,11
46510,11
46520,11
46530,12
46540,11
46550,10
46560,10
46570,13
46580,12
46590,11
46600,9
46610,12
46620,13
46630,12
46640,11
46650,10
46660,9
46670,10
46680,12
46690,9
46700,10
46710,12
46720,12
46730,12
46740,12
46750,11
46760,10
46770,11
46780,10
46790,10
46800,10
46810,12
46820,12
46830,12
46840,12
46850,12
46860,11
46870,11
46880,12
46890,12
46900,12
46910,11
46920,9
46930,11
46940,12
46950,13
46960,9
46970,10
46980,12
46990,10
47000,11
47010,12
47020,12
47030,10
47040,12
47050,10
47060,12
47070,12
47080,11
47090,8
47100,12
47110,10
47120,11
47130,12
47140,11
47150,12
47160,10
47170,13
47180,10
47190,12
47200,11
47210,11
47220,12
47230,12
47240,10
47250,12
47260,11
47270,12
47280,11
47290,10
47300,11
47310,11
47320,12
47330,13
47340,12
47350,12
47360,10
47370,12
47380,13
47390,12
47400,11
47410,11
47420,10
47430,12
47440,12
47450,12
47460,12
47470,10
47480,12
47490,12
47500,8
47510,11
47520,12
47530,11
47540,9
47550,12
47560,11
47570,12
47580,12
47590,12
47600,11
47610,9
47620,12
47630,11
47640,12
47650,12
47660,9
47670,12
47680,11
47690,11
47700,12
47710,11
47720,10
47730,10
47740,12
47750,12
47760,12
47770,11
47780,10
47790,12
47800,12
47810,12
47820,14
47830,12
47840,10
47850,12
47860,11
47870,11
47880,12
47890,12
47900,13
47910,11
47920,12
47930,9
47940,10
47950,11
47960,12
47970,11
47980,12
47990,12
48000,11
48010,11
48020,11
48030,12
48040,12
48050,8
48060,10
48070,13
48080,12
48090,12
48100,12
48110,12
48120,12
48130,11
48140,12
48150,12
48160,13
48170,11
48180,11
48190,11
48200,12
48210,11
48220,11
48230,12
48240,13
48250,13
48260,11
48270,12
48280,10
48290,10
48300,10
48310,12
48320,13
48330,8
48340,11
48350,10
48360,10
48370,12
48380,10
48390,10
48400,10
48410,11
48420,11
48430,12
48440,11
48450,12
48460,10
48470,11
48480,14
48490,12
48500,13
48510,12
48520,11
48530,9
48540,11
48550,13
48560,13
48570,13
48580,12
48590,10
48600,12
48610,12
48620,11
48630,10
48640,12
48650,9
48660,10
48670,12
48680,12
48690,9
48700,10
48710,10
48720,10
48730,12
48740,12
48750,12
48760,12
48770,13
48780,11
48790,11
48800,11
48810,12
48820,11
48830,10
48840,12
48850,12
48860,10
48870,14
48880,10
48890,12
48900,12
48910,11
48920,9
48930,12
48940,10
48950,11
48960,13
48970,9
48980,13
48990,11
49000,13
49010,13
49020,12
49030,10
49040,11
49050,9
49060,12
49070,11
49080,12
49090,11
49100,12
49110,12
49120,12
49130,12
49140,13
49150,12
49160,11
49170,11
49180,12
49190,10
49200,12
49210,10
49220,12
49230,10
49240,12
49250,13
49260,12
49270,12
49280,11
49290,12
49300,12
49310,12
49320,10
49330,14
49340,10
49350,10
49360,12
49370,11
49380,10
49390,12
49400,11
49410,12
49420,11
49430,11
49440,11
49450,13
49460,13
49470,13
49480,12
49490,9
49500,10
49510,13
49520,11
49530,12
49540,11
49550,13
49560,12
49570,12
49580,10
49590,12
49600,10
49610,12
49620,12
49630,12
49640,11
49650,10
49660,12
49670,11
49680,11
49690,12
49700,13
49710,10
49720,12
49730,11
49740,11
49750,11
49760,10
49770,10
49780,11
49790,11
49800,12
49810,11
49820,9
49830,11
49840,11
49850,7
49860,11
49870,12
49880,11
49890,12
49900,10
49910,12
49920,13
49930,11
49940,12
49950,12
49960,11
49970,12
49980,12
49990,13
50000,12
50010,11
50020,14
50030,11
50040,13
50050,12
50060,11
50070,11
50080,11
50090,12
50100,10
50110,11
50120,11
50130,12
50140,12
50150,11
50160,12
50170,10
50180,13
50190,12
50200,11
50210,11
50220,10
50230,11
50240,11
50250,9
50260,10
50270,12
50280,10
50290,10
50300,12
50310,9
50320,12
50330,11
50340,13
50350,12
50360,10
50370,13
50380,10
50390,12
50400,12
50410,10
50420,9
50430,9
50440,11
50450,9
50460,11
50470,10
50480,11
50490,12
50500,12
50510,10
50520,11
50530,11
50540,11
50550,11
50560,10
50570,12
50580,11
50590,10
50600,12
50610,12
50620,13
50630,12
50640,12
50650,10
50660,11
50670,11
50680,12
50690,12
50700,12
50710,12
50720,12
50730,10
50740,13
50750,12
50760,13
50770,12
50780,12
50790,9
50800,12
50810,12
50820,14
50830,13
50840,12
50850,11
50860,11
50870,11
50880,12
50890,10
50900,12
50910,12
50920,10
50930,8
50940,11
50950,12
50960,12
50970,11
50980,10
50990,12
51000,14
51010,12
51020,10
51030,12
51040,10
51050,10
51060,9
51070,11
51080,12
51090,11
51100,12
51110,13
51120,12
51130,13
51140,12
51150,12
51160,12
51170,11
51180,11
51190,12
51200,10
51210,14
51220,12
51230,12
51240,12
51250,12
51260,14
51270,12
51280,11
51290,12
51300,10
51310,14
51320,12
51330,12
51340,12
51350,11
51360,11
51370,11
51380,12
51390,12
51400,12
51410,11
51420,11
51430,11
51440,13
51450,10
51460,13
51470,11
51480,13
51490,12
51500,12
51510,11
51520,12
51530,12
51540,9
51550,11
51560,12
51570,11
51580,12
51590,9
51600,12
51610,11
51620,11
51630,12
51640,12
51650,11
51660,11
51670,10
51680,12
51690,12
51700,10
51710,11
51720,10
51730,11
51740,10
51750,12
51760,12
51770,12
51780,12
51790,12
51800,12
51810,12
51820,11
51830,10
51840,11
51850,12
51860,13
51870,12
51880,12
51890,11
51900,11
51910,10
51920,14
51930,12
51940,12
51950,12
51960,7
51970,14
51980,12
51990,10
52000,10
52010,10
52020,11
52030,12
52040,9
52050,9
52060,11
52070,12
52080,11
52090,12
52100,12
52110,11
52120,16
52130,12
52140,11
52150,13
52160,12
52170,12
52180,14
52190,12
52200,10
52210,10
52220,11
52230,12
52240,12
52250,11
52260,11
52270,12
52280,11
52290,10
52300,12
52310,12
52320,12
52330,12
52340,11
52350,11
52360,10
52370,12
52380,13
52390,12
52400,12
52410,13
52420,10
52430,12
52440,11
52450,12
52460,11
52470,12
52480,12
52490,12
52500,11
52510,11
52520,12
52530,10
52540,12
52550,11
52560,11
52570,10
52580,10
52590,11
52600,12
52610,12
52620,11
52630,11
52640,12
52650,12
52660,11
52670,12
52680,11
52690,13
52700,12
52710,12
52720,13
52730,9
52740,13
52750,11
52760,12
52770,12
52780,12
52790,10
52800,12
52810,14
52820,10
52830,11
52840,11
52850,11
52860,12
52870,10
52880,10
52890,12
52900,13
52910,12
52920,10
52930,13
52940,11
52950,12
52960,13
52970,10
52980,10
52990,11
53000,11
53010,9
53020,12
53030,12
53040,12
53050,12
53060,10
53070,12
53080,13
53090,12
53100,11
53110,12
53120,11
53130,13
53140,11
53150,10
53160,12
53170,11
53180,12
53190,11
53200,12
53210,10
53220,10
53230,11
53240,12
53250,12
53260,9
53270,11
53280,13
53290,10
53300,12
53310,13
53320,12
53330,12
53340,12
53350,13
53360,11
53370,13
53380,9
53390,12
53400,13
53410,12
53420,11
53430,12
53440,12
53450,13
53460,13
53470,12
53480,12
53490,12
53500,11
53510,13
53520,10
53530,13
53540,13
53550,11
53560,10
53570,11
53580,11
53590,12
53600,13
53610,10
53620,11
53630,12
53640,9
53650,8
53660,11
53670,11
53680,11
53690,11
53700,12
53710,12
53720,11
53730,14
53740,13
53750,12
53760,12
53770,11
53780,12
53790,11
53800,13
53810,12
53820,12
53830,12
53840,11
53850,12
53860,10
53870,12
53880,12
53890,12
53900,13
53910,12
53920,11
53930,12
53940,9
53950,12
53960,9
53970,12
53980,12
53990,10
54000,11
54010,10
54020,11
54030,11
54040,12
54050,10
54060,12
54070,12
54080,12
54090,12
54100,10
54110,12
54120,12
54130,12
54140,11
54150,10
54160,10
54170,7
54180,12
54190,9
54200,13
54210,12
54220,12
54230,12
54240,9
54250,13
54260,12
54270,12
54280,10
54290,13
54300,11
54310,10
54320,13
54330,12
54340,12
54350,10
54360,11
54370,10
54380,12
54390,12
54400,13
54410,13
54420,12
54430,11
54440,9
54450,10
54460,12
54470,11
54480,11
54490,13
54500,10
54510,13
54520,11
54530,12
54540,12
54550,13
54560,12
54570,9
54580,10
54590,12
54600,11
54610,12
54620,10
54630,12
54640,11
54650,12
54660,10
54670,12
54680,11
54690,11
54700,10
54710,10
54720,10
54730,9
54740,10
54750,11
54760,12
54770,12
54780,11
54790,12
54800,11
54810,12
54820,11
54830,10
54840,12
54850,11
54860,12
54870,12
54880,10
54890,14
54900,12
54910,13
54920,11
54930,11
54940,10
54950,12
54960,11
54970,10
54980,12
54990,12
55000,11
55010,13
55020,10
55030,11
55040,12
55050,12
55060,13
55070,12
55080,11
55090,11
55100,12
55110,11
55120,13
55130,11
55140,10
55150,12
55160,12
55170,10
55180,12
55190,9
55200,12
55210,12
55220,8
55230,13
55240,12
55250,13
55260,13
55270,11
55280,10
55290,13
55300,12
55310,11
55320,12
55330,10
55340,11
55350,12
55360,11
55370,11
55380,12
55390,12
55400,11
55410,13
55420,12
55430,12
55440,10
55450,13
55460,12
55470,13
55480,11
55490,11
55500,11
55510,9
55520,15
55530,10
55540,11
55550,10
55560,10
55570,12
55580,10
55590,11
55600,10
55610,9
55620,10
55630,9
55640,10
55650,11
55660,12
55670,13
55680,11
55690,13
55700,12
55710,12
55720,12
55730,10
55740,11
55750,13
55760,12
55770,11
55780,11
55790,12
55800,12
55810,10
55820,11
55830,13
55840,12
55850,12
55860,12
55870,12
55880,11
55890,12
55900,10
55910,12
55920,12
55930,13
55940,12
55950,11
55960,12
55970,11
55980,12
55990,8
56000,11
56010,12
56020,11
56030,12
56040,13
56050,10
56060,12
56070,10
56080,12
56090,11
56100,12
56110,12
56120,12
56130,12
56140,11
56150,11
56160,12
56170,12
56180,12
56190,11
56200,11
56210,13
56220,12
56230,11
56240,10
56250,9
56260,11
56270,12
56280,12
56290,11
56300,11
56310,12
56320,10
56330,12
56340,13
56350,8
56360,10
56370,13
56380,13
56390,9
56400,11
56410,11
56420,13
56430,12
56440,10
56450,10
56460,12
56470,12
56480,12
56490,9
56500,12
56510,11
56520,11
56530,11
56540,10
56550,12
56560,11
56570,11
56580,11
56590,11
56600,12
56610,11
56620,12
56630,12
56640,10
56650,12
56660,11
56670,11
56680,10
56690,12
56700,10
56710,11
56720,11
56730,9
56740,11
56750,12
56760,12
56770,11
56780,12
56790,11
56800,11
56810,13
56820,12
56830,12
56840,10
56850,12
56860,14
56870,12
56880,12
56890,12
56900,13
56910,12
56920,12
56930,12
56940,9
56950,11
56960,9
56970,12
56980,10
56990,11
57000,12
57010,12
57020,12
57030,12
57040,12
57050,12
57060,10
57070,12
57080,11
57090,12
57100,12
57110,11
57120,12
57130,11
57140,9
57150,11
57160,10
57170,12
57180,12
57190,13
57200,12
57210,11
57220,13
57230,10
57240,12
57250,12
57260,13
57270,11
57280,11
57290,12
57300,11
57310,11
57320,12
57330,12
57340,11
57350,11
57360,12
57370,10
57380,12
57390,12
57400,11
57410,13
57420,11
57430,12
57440,14
57450,12
57460,12
57470,10
57480,10
57490,12
57500,10
57510,10
57520,12
57530,10
57540,10
57550,12
57560,12
57570,9
57580,12
57590,10
57600,12
57610,12
57620,12
57630,12
57640,12
57650,11
57660,12
57670,10
57680,11
57690,12
57700,11
57710,13
57720,12
57730,11
57740,11
57750,11
57760,12
57770,10
57780,11
57790,12
57800,12
57810,11
57820,12
57830,14
57840,12
57850,11
57860,10
57870,12
57880,11
57890,12
57900,11
57910,11
57920,13
57930,12
57940,11
57950,12
57960,12
57970,12
57980,12
57990,10
58000,10
58010,11
58020,12
58030,12
58040,12
58050,12
58060,10
58070,7
58080,12
58090,12
58100,12
58110,12
58120,11
58130,12
58140,10
58150,13
58160,10
58170,12
58180,11
58190,11
58200,14
58210,9
58220,12
58230,13
58240,10
58250,11
58260,8
58270,12
58280,12
58290,12
58300,11
58310,11
58320,12
58330,11
58340,11
58350,10
58360,12
58370,12
58380,12
58390,11
58400,12
58410,12
58420,12
58430,12
58440,12
58450,9
58460,12
58470,9
58480,13
58490,13
58500,13
58510,11
58520,12
58530,14
58540,10
58550,11
58560,14
58570,11
58580,14
58590,12
58600,13
58610,12
58620,11
58630,11
58640,11
58650,13
58660,12
58670,12
58680,13
58690,12
58700,12
58710,11
58720,13
58730,12
58740,13
58750,11
58760,12
58770,12
58780,11
58790,10
58800,10
58810,10
58820,13
58830,12
58840,13
58850,12
58860,11
58870,11
58880,10
58890,11
58900,11
58910,12
58920,11
58930,10
58940,11
58950,11
58960,12
58970,10
58980,12
58990,9
59000,10
59010,13
59020,8
59030,13
59040,12
59050,11
59060,11
59070,12
59080,9
59090,9
59100,11
59110,12
59120,11
59130,12
59140,11
59150,11
59160,11
59170,12
59180,12
59190,11
59200,11
59210,13
59220,10
59230,13
59240,12
59250,12
59260,13
59270,12
59280,11
59290,12
59300,11
59310,12
59320,12
59330,12
59340,11
59350,13
59360,11
59370,12
59380,12
59390,10
59400,11
59410,12
59420,11
59430,9
59440,12
59450,11
59460,10
59470,12
59480,13
59490,11
59500,13
59510,11
59520,12
59530,11
59540,11
59550,14
59560,12
59570,11
59580,13
59590,11
59600,11
59610,11
59620,11
59630,13
59640,12
59650,12
59660,13
59670,12
59680,14
59690,12
59700,12
59710,11
59720,12
59730,12
59740,12
59750,9
59760,9
59770,10
59780,8
59790,11
59800,11
59810,11
59820,11
59830,11
59840,11
59850,11
59860,13
59870,13
59880,12
59890,14
59900,11
59910,12
59920,12
59930,12
59940,12
59950,13
59960,11
59970,11
59980,11
59990,14
60000,11
60010,12
60020,11
60030,12
60040,12
60050,12
60060,10
60070,12
60080,12
60090,9
60100,12
60110,11
60120,12
60130,11
60140,12
60150,12
60160,12
60170,9
60180,11
60190,9
60200,11
60210,12
60220,10
60230,9
60240,10
60250,11
60260,10
60270,13
60280,12
60290,10
60300,13
60310,12
60320,12
60330,11
60340,10
60350,10
60360,11
60370,12
60380,12
60390,11
60400,12
60410,12
60420,11
60430,12
60440,12
60450,11
60460,12
60470,11
60480,11
60490,11
60500,10
60510,9
60520,10
60530,11
60540,11
60550,12
60560,12
60570,10
60580,11
60590,15
60600,11
60610,11
60620,11
60630,12
60640,12
60650,11
60660,12
60670,12
60680,10
60690,11
60700,13
60710,12
60720,13
60730,12
60740,10
60750,13
60760,10
60770,11
60780,12
60790,12
60800,13
60810,12
60820,12
60830,11
60840,12
60850,11
60860,11
60870,13
60880,10
60890,12
60900,11
60910,12
60920,11
60930,10
60940,11
60950,12
60960,12
60970,11
60980,9
60990,12
61000,11
61010,11
61020,12
61030,11
61040,10
61050,11
61060,10
61070,11
61080,13
61090,11
61100,10
61110,12
61120,12
61130,9
61140,11
61150,11
61160,9
61170,12
61180,12
61190,10
61200,11
61210,12
61220,12
61230,12
61240,11
61250,9
61260,14
61270,13
61280,12
61290,12
61300,12
61310,11
61320,12
61330,12
61340,11
61350,13
61360,11
61370,13
61380,11
61390,13
61400,13
61410,10
61420,13
61430,12
61440,12
61450,11
61460,10
61470,12
61480,12
61490,13
61500,12
61510,10
61520,12
61530,12
61540,11
61550,11
61560,11
61570,12
61580,14
61590,10
61600,12
61610,11
61620,11
61630,10
61640,12
61650,10
61660,13
61670,8
61680,7
61690,13
61700,12
61710,12
61720,10
61730,12
61740,9
61750,12
61760,12
61770,14
61780,12
61790,11
61800,13
61810,13
61820,12
61830,12
61840,12
61850,12
61860,10
61870,11
61880,9
61890,14
61900,12
61910,12
61920,13
61930,13
61940,12
61950,12
61960,12
61970,12
61980,11
61990,11
62000,13
62010,13
62020,12
62030,12
62040,13
62050,10
62060,9
62070,11
62080,11
62090,13
62100,10
62110,12
62120,10
62130,11
62140,12
62150,11
62160,13
62170,9
62180,12
62190,12
62200,12
62210,10
62220,12
62230,11
62240,11
62250,13
62260,11
62270,12
62280,12
62290,9
62300,9
62310,8
62320,12
62330,13
62340,10
62350,12
62360,10
62370,13
62380,12
62390,11
62400,12
62410,13
62420,12
62430,13
62440,12
62450,13
62460,9
62470,13
62480,11
62490,11
62500,12
62510,11
62520,13
62530,12
62540,12
62550,12
62560,12
62570,12
62580,11
62590,15
62600,11
62610,11
62620,12
62630,10
62640,10
62650,10
62660,11
62670,13
62680,12
62690,11
62700,12
62710,12
62720,13
62730,12
62740,11
62750,12
62760,12
62770,12
62780,12
62790,12
62800,12
62810,12
62820,11
62830,13
62840,11
62850,10
62860,11
62870,10
62880,10
62890,12
62900,12
62910,11
62920,12
62930,15
62940,13
62950,11
62960,7
62970,11
62980,9
62990,12
63000,11
63010,12
63020,12
63030,10
63040,9
63050,12
63060,13
63070,13
63080,12
63090,10
63100,10
63110,12
63120,12
63130,10
63140,12
63150,11
63160,11
63170,11
63180,10
63190,11
63200,10
63210,10
63220,10
63230,11
63240,11
63250,11
63260,13
63270,12
63280,11
63290,12
63300,13
63310,10
63320,10
63330,12
63340,12
63350,12
63360,12
63370,13
63380,10
63390,12
63400,10
63410,12
63420,13
63430,12
63440,13
63450,11
63460,13
63470,7
63480,11
63490,11
63500,12
63510,12
63520,12
63530,13
63540,12
63550,10
63560,12
63570,12
63580,12
63590,12
63600,12
63610,12
63620,11
63630,12
63640,12
63650,12
63660,12
63670,13
63680,13
63690,13
63700,9
63710,11
63720,11
63730,10
63740,12
63750,12
63760,11
63770,12
63780,13
63790,12
63800,12
63810,13
63820,11
63830,11
63840,11
63850,11
63860,9
63870,13
63880,10
63890,14
63900,9
63910,12
63920,12
63930,12
63940,11
63950,12
63960,9
63970,10
63980,11
63990,12
64000,11
64010,13
64020,11
64030,12
64040,12
64050,12
64060,12
64070,11
64080,12
64090,11
64100,12
64110,12
64120,11
64130,10
64140,12
64150,14
64160,12
64170,12
64180,12
64190,12
64200,14
64210,9
64220,11
64230,12
64240,11
64250,12
64260,11
64270,12
64280,12
64290,10
64300,12
64310,13
64320,13
64330,12
64340,12
64350,11
64360,11
64370,10
64380,12
64390,13
64400,10
64410,10
64420,12
64430,15
64440,11
64450,12
64460,11
64470,12
64480,10
64490,12
64500,12
64510,13
64520,10
64530,9
64540,10
64550,11
64560,12
64570,12
64580,11
64590,10
64600,11
64610,12
64620,12
64630,13
64640,13
64650,10
64660,12
64670,11
64680,12
64690,12
64700,11
64710,12
64720,12
64730,11
64740,10
64750,8
64760,11
64770,12
64780,14
64790,11
64800,12
64810,11
64820,12
64830,11
64840,12
64850,11
64860,10
64870,12
64880,12
64890,9
64900,13
64910,12
64920,12
64930,14
64940,11
64950,13
64960,13
64970,12
64980,14
64990,12
65000,11
65010,11
65020,12
65030,15
65040,11
65050,10
65060,12
65070,10
65080,11
65090,11
65100,12
65110,13
65120,12
65130,11
65140,12
65150,9
65160,12
65170,11
65180,12
65190,12
65200,11
65210,12
65220,11
65230,11
65240,12
65250,13
65260,12
65270,9
65280,9
65290,12
65300,10
65310,11
65320,11
65330,13
65340,11
65350,9
65360,12
65370,9
65380,10
65390,9
65400,9
65410,12
65420,11
65430,11
65440,11
65450,10
65460,12
65470,12
65480,11
65490,12
65500,10
65510,12
65520,12
65530,12
65540,11
65550,10
65560,11
65570,11
65580,14
65590,14
65600,12
65610,12
65620,13
65630,13
65640,10
65650,11
65660,11
65670,12
65680,11
65690,12
65700,10
65710,11
65720,12
65730,12
65740,12
65750,11
65760,12
65770,11
65780,12
65790,12
65800,11
65810,11
65820,11
65830,12
65840,12
65850,12
65860,14
65870,12
65880,12
65890,10
65900,9
65910,11
65920,12
65930,12
65940,12
65950,12
65960,13
65970,10
65980,11
65990,10
66000,12
66010,9
66020,11
66030,12
66040,12
66050,10
66060,11
66070,11
66080,11
66090,12
66100,10
66110,11
66120,11
66130,11
66140,11
66150,12
66160,8
66170,13
66180,12
66190,11
66200,11
66210,11
66220,11
66230,12
66240,12
66250,10
66260,13
66270,11
66280,9
66290,11
66300,11
66310,10
66320,14
66330,11
66340,10
66350,12
66360,12
66370,13
66380,12
66390,9
66400,12
66410,14
66420,12
66430,12
66440,12
66450,11
66460,12
66470,13
66480,11
66490,11
66500,9
66510,13
66520,11
66530,9
66540,12
66550,11
66560,10
66570,10
66580,11
66590,12
66600,12
66610,11
66620,12
66630,12
66640,13
66650,12
66660,12
66670,12
66680,11
66690,10
66700,12
66710,12
66720,12
66730,14
66740,12
66750,11
66760,12
66770,11
66780,11
66790,12
66800,12
66810,11
66820,13
66830,11
66840,9
66850,15
66860,9
66870,12
66880,11
66890,13
66900,10
66910,12
66920,12
66930,14
66940,11
66950,11
66960,13
66970,10
66980,12
66990,12
67000,12
67010,15
67020,11
67030,14
67040,12
67050,11
67060,12
67070,12
67080,11
67090,12
67100,12
67110,7
67120,13
67130,12
67140,12
67150,13
67160,13
67170,11
67180,11
67190,12
67200,9
67210,12
67220,10
67230,10
67240,10
67250,11
67260,12
67270,13
67280,13
67290,12
67300,12
67310,12
67320,9
67330,12
67340,12
67350,12
67360,14
67370,11
67380,10
67390,12
67400,12
67410,12
67420,12
67430,13
67440,12
67450,12
67460,12
67470,10
67480,13
67490,11
67500,10
67510,12
67520,12
67530,11
67540,12
67550,10
67560,12
67570,12
67580,9
67590,11
67600,11
67610,10
67620,11
67630,12
67640,12
67650,12
67660,12
67670,12
67680,12
67690,11
67700,12
67710,12
67720,10
67730,13
67740,12
67750,12
67760,12
67770,12
67780,12
67790,10
67800,10
67810,14
67820,12
67830,12
67840,12
67850,12
67860,9
67870,14
67880,14
67890,12
67900,10
67910,14
67920,12
67930,11
67940,11
67950,11
67960,12
67970,12
67980,12
67990,13
68000,12
68010,10
68020,11
68030,12
68040,10
68050,11
68060,12
68070,12
68080,11
68090,10
68100,12
68110,12
68120,12
68130,11
68140,11
68150,10
68160,11
68170,10
68180,12
68190,12
68200,13
68210,10
68220,11
68230,11
68240,11
68250,12
68260,10
68270,11
68280,11
68290,11
68300,9
68310,12
68320,11
68330,12
68340,11
68350,11
68360,12
68370,13
68380,10
68390,12
68400,12
68410,13
68420,14
68430,12
68440,11
68450,12
68460,11
68470,11
68480,11
68490,12
68500,10
68510,9
68520,10
68530,10
68540,13
68550,11
68560,12
68570,9
68580,15
68590,12
68600,11
68610,11
68620,12
68630,11
68640,11
68650,12
68660,12
68670,11
68680,14
68690,13
68700,12
68710,10
68720,10
68730,11
68740,9
68750,12
68760,13
68770,12
68780,10
68790,9
68800,11
68810,13
68820,12
68830,14
68840,11
68850,9
68860,10
68870,11
68880,10
68890,11
68900,11
68910,11
68920,12
68930,12
68940,11
68950,11
68960,10
68970,9
68980,10
68990,12
69000,12
69010,11
69020,13
69030,11
69040,12
69050,12
69060,12
69070,11
69080,12
69090,13
69100,10
69110,12
69120,11
69130,12
69140,11
69150,13
69160,9
69170,11
69180,11
69190,9
69200,12
69210,11
69220,11
69230,8
69240,12
69250,12
69260,10
69270,11
69280,11
69290,11
69300,10
69310,11
69320,11
69330,10
69340,10
69350,11
69360,11
69370,12
69380,10
69390,11
69400,10
69410,12
69420,13
69430,12
69440,11
69450,13
69460,11
69470,11
69480,11
69490,11
69500,10
69510,10
69520,10
69530,12
69540,12
69550,12
69560,12
69570,9
69580,12
69590,10
69600,13
69610,10
69620,11
69630,12
69640,11
69650,9
69660,11
69670,12
69680,13
69690,12
69700,11
69710,9
69720,12
69730,12
69740,12
69750,9
69760,12
69770,13
69780,11
69790,11
69800,11
69810,10
69820,11
69830,12
69840,9
69850,11
69860,12
69870,10
69880,12
69890,12
69900,10
69910,13
69920,12
69930,12
69940,12
69950,12
69960,12
69970,12
69980,12
69990,12
70000,13
70010,12
70020,9
70030,11
70040,9
70050,10
70060,12
70070,13
70080,11
70090,12
70100,11
70110,11
70120,11
70130,12
70140,12
70150,11
70160,12
70170,9
70180,11
70190,12
70200,11
70210,11
70220,12
70230,12
70240,12
70250,11
70260,11
70270,10
70280,11
70290,12
70300,13
70310,11
70320,12
70330,13
70340,10
70350,10
70360,9
70370,10
70380,10
70390,7
70400,11
70410,10
70420,11
70430,12
70440,12
70450,12
70460,12
70470,10
70480,11
70490,11
70500,12
70510,13
70520,12
70530,12
70540,12
70550,12
70560,12
70570,12
70580,10
70590,10
70600,9
70610,12
70620,11
70630,10
70640,12
70650,9
70660,12
70670,12
70680,7
70690,11
70700,12
70710,12
70720,12
70730,13
70740,10
70750,10
70760,11
70770,11
70780,12
70790,12
70800,12
70810,9
70820,13
70830,11
70840,11
70850,11
70860,11
70870,12
70880,10
70890,12
70900,12
70910,12
70920,12
70930,11
70940,12
70950,12
70960,11
70970,11
70980,12
70990,13
71000,11
71010,12
71020,12
71030,10
71040,12
71050,12
71060,12
71070,12
71080,10
71090,12
71100,10
71110,10
71120,12
71130,10
71140,10
71150,12
71160,10
71170,10
71180,12
71190,11
71200,10
71210,9
71220,12
71230,12
71240,12
71250,12
71260,9
71270,11
71280,9
71290,11
71300,10
71310,11
71320,10
71330,11
71340,11
71350,11
71360,12
71370,10
71380,12
71390,12
71400,11
71410,13
71420,12
71430,12
71440,10
71450,11
71460,11
71470,11
71480,12
71490,10
71500,12
71510,12
71520,10
71530,13
71540,8
71550,12
71560,12
71570,12
71580,12
71590,13
71600,12
71610,13
71620,12
71630,12
71640,12
71650,11
71660,11
71670,11
71680,11
71690,12
71700,11
71710,10
71720,12
71730,11
71740,10
71750,12
71760,10
71770,11
71780,12
71790,11
71800,12
71810,9
71820,15
71830,12
71840,12
71850,13
71860,10
71870,11
71880,14
71890,11
71900,11
71910,12
71920,12
71930,11
71940,13
71950,11
71960,12
71970,8
71980,12
71990,10
72000,12
72010,11
72020,10
72030,12
72040,9
72050,11
72060,11
72070,11
72080,12
72090,9
72100,12
72110,12
72120,13
72130,13
72140,13
72150,14
72160,11
72170,12
72180,12
72190,11
72200,12
72210,11
72220,11
72230,12
72240,10
72250,12
72260,11
72270,11
72280,11
72290,10
72300,12
72310,13
72320,12
72330,12
72340,12
72350,11
72360,10
72370,13
72380,12
72390,12
72400,12
72410,9
72420,11
72430,10
72440,12
72450,12
72460,12
72470,12
72480,10
72490,12
72500,11
72510,12
72520,14
72530,13
72540,13
72550,12
72560,12
72570,11
72580,12
72590,12
72600,11
72610,9
72620,11
72630,11
72640,13
72650,11
72660,10
72670,14
72680,12
72690,12
72700,8
72710,9
72720,12
72730,11
72740,12
72750,11
72760,9
72770,11
72780,10
72790,12
72800,10
72810,12
72820,9
72830,12
72840,12
72850,12
72860,10
72870,14
72880,10
72890,9
72900,13
72910,10
72920,9
72930,10
72940,11
72950,12
72960,12
72970,11
72980,12
72990,12
73000,13
73010,12
73020,11
73030,12
73040,12
73050,13
73060,11
73070,9
73080,13
73090,12
73100,10
73110,11
73120,11
73130,11
73140,9
73150,10
73160,11
73170,10
73180,12
73190,13
73200,9
73210,12
73220,8
73230,11
73240,10
73250,10
73260,12
73270,13
73280,12
73290,12
73300,10
73310,11
73320,12
73330,11
73340,12
73350,10
73360,11
73370,12
73380,11
73390,12
73400,13
73410,12
73420,12
73430,13
73440,10
73450,13
73460,11
73470,13
73480,13
73490,13
73500,11
73510,12
73520,12
73530,11
73540,12
73550,10
73560,13
73570,9
73580,10
73590,10
73600,13
73610,10
73620,10
73630,10
73640,13
73650,12
73660,12
73670,11
73680,12
73690,12
73700,13
73710,14
73720,12
73730,12
73740,12
73750,11
73760,11
73770,12
73780,11
73790,11
73800,15
73810,14
73820,12
73830,12
73840,11
73850,9
73860,10
73870,12
73880,10
73890,10
73900,12
73910,10
73920,12
73930,12
73940,12
73950,12
73960,12
73970,12
73980,12
73990,12
74000,12
74010,12
74020,12
74030,9
74040,12
74050,12
74060,12
74070,12
74080,12
74090,11
74100,12
74110,11
74120,12
74130,10
74140,10
74150,14
74160,13
74170,11
74180,11
74190,12
74200,12
74210,12
74220,9
74230,11
74240,12
74250,10
74260,12
74270,12
74280,11
74290,11
74300,11
74310,12
74320,10
74330,11
74340,9
74350,12
74360,12
74370,12
74380,11
74390,13
74400,11
74410,11
74420,10
74430,10
74440,12
74450,12
74460,12
74470,7
74480,11
74490,12
74500,12
74510,9
74520,13
74530,11
74540,12
74550,12
74560,11
74570,10
74580,12
74590,10
74600,10
74610,11
74620,10
74630,12
74640,14
74650,13
74660,12
74670,10
74680,9
74690,11
74700,11
74710,12
74720,12
74730,12
74740,10
74750,12
74760,12
74770,11
74780,13
74790,11
74800,11
74810,9
74820,11
74830,11
74840,11
74850,11
74860,11
74870,10
74880,11
74890,12
74900,11
74910,11
74920,16
74930,12
74940,12
74950,13
74960,12
74970,11
74980,12
74990,11
75000,12
75010,11
75020,10
75030,11
75040,13
75050,12
75060,14
75070,12
75080,12
75090,11
75100,12
75110,12
75120,12
75130,12
75140,10
75150,12
75160,11
75170,12
75180,10
75190,12
75200,10
75210,13
75220,9
75230,12
75240,12
75250,11
75260,11
75270,10
75280,10
75290,11
75300,10
75310,10
75320,12
75330,12
75340,12
75350,9
75360,13
75370,10
75380,12
75390,10
75400,12
75410,12
75420,11
75430,11
75440,12
75450,11
75460,12
75470,11
75480,14
75490,12
75500,12
75510,12
75520,12
75530,10
75540,11
75550,11
75560,14
75570,12
75580,12
75590,10
75600,11
75610,10
75620,12
75630,11
75640,11
75650,11
75660,11
75670,10
75680,12
75690,11
75700,11
75710,10
75720,11
75730,12
75740,8
75750,14
75760,11
75770,12
75780,13
75790,11
75800,12
75810,12
75820,12
75830,10
75840,9
75850,11
75860,12
75870,12
75880,13
75890,13
75900,11
75910,11
75920,12
75930,13
75940,13
75950,12
75960,12
75970,13
75980,11
75990,9
76000,11
76010,12
76020,12
76030,11
76040,12
76050,11
76060,11
76070,11
76080,13
76090,12
76100,12
76110,12
76120,10
76130,12
76140,12
76150,10
76160,10
76170,11
76180,12
76190,12
76200,11
76210,11
76220,11
76230,12
76240,12
76250,12
76260,9
76270,11
76280,11
76290,12
76300,11
76310,12
76320,11
76330,12
76340,11
76350,13
76360,11
76370,11
76380,12
76390,10
76400,13
76410,13
76420,10
76430,11
76440,12
76450,11
76460,12
76470,10
76480,12
76490,12
76500,12
76510,9
76520,10
76530,10
76540,14
76550,9
76560,11
76570,11
76580,12
76590,12
76600,12
76610,11
76620,12
76630,10
76640,12
76650,12
76660,11
76670,12
76680,10
76690,11
76700,12
76710,12
76720,11
76730,9
76740,12
76750,11
76760,12
76770,11
76780,11
76790,11
76800,12
76810,12
76820,10
76830,9
76840,12
76850,13
76860,12
76870,10
76880,11
76890,12
76900,13
76910,10
76920,12
76930,11
76940,10
76950,11
76960,11
76970,12
76980,11
76990,11
77000,12
77010,11
77020,12
77030,12
77040,12
77050,14
77060,11
77070,12
77080,10
77090,13
77100,12
77110,12
77120,13
77130,11
77140,12
77150,11
77160,11
77170,11
77180,12
77190,10
77200,12
77210,9
77220,12
77230,9
77240,11
77250,11
77260,11
77270,10
77280,12
77290,10
77300,12
77310,11
77320,12
77330,11
77340,12
77350,12
77360,7
77370,12
77380,13
77390,13
77400,10
77410,14
77420,12
77430,14
77440,12
77450,10
77460,12
77470,11
77480,13
77490,12
77500,12
77510,13
77520,10
77530,12
77540,12
77550,11
77560,12
77570,11
77580,12
77590,11
77600,10
77610,10
77620,9
77630,11
77640,10
77650,11
77660,13
77670,9
77680,13
77690,13
77700,9
77710,13
77720,11
77730,10
77740,8
77750,9
77760,12
77770,10
77780,12
77790,12
77800,12
77810,11
77820,12
77830,11
77840,9
77850,12
77860,11
77870,10
77880,11
77890,12
77900,12
77910,10
77920,10
77930,12
77940,11
77950,12
77960,11
77970,12
77980,10
77990,13
78000,11
78010,12
78020,12
78030,9
78040,11
78050,11
78060,11
78070,11
78080,11
78090,11
78100,12
78110,11
78120,11
78130,12
78140,12
78150,11
78160,13
78170,10
78180,14
78190,12
78200,10
78210,13
78220,13
78230,12
78240,11
78250,12
78260,11
78270,12
78280,12
78290,11
78300,12
78310,9
78320,12
78330,10
78340,12
78350,11
78360,12
78370,10
78380,10
78390,11
78400,13
78410,12
78420,13
78430,13
78440,12
78450,10
78460,12
78470,10
78480,12
78490,12
78500,12
78510,11
78520,12
78530,11
78540,11
78550,12
78560,12
78570,11
78580,11
78590,10
78600,8
78610,10
78620,11
78630,11
78640,9
78650,11
78660,9
78670,11
78680,11
78690,12
78700,11
78710,12
78720,13
78730,12
78740,9
78750,13
78760,12
78770,10
78780,12
78790,12
78800,12
78810,10
78820,11
78830,9
78840,11
78850,10
78860,12
78870,12
78880,13
78890,11
78900,11
78910,10
78920,12
78930,12
78940,11
78950,11
78960,13
78970,12
78980,9
78990,12
79000,12
79010,11
79020,11
79030,11
79040,10
79050,9
79060,12
79070,13
79080,12
79090,12
79100,13
79110,11
79120,9
79130,10
79140,10
79150,12
79160,12
79170,12
79180,11
79190,11
79200,12
79210,12
79220,10
79230,12
79240,12
79250,12
79260,11
79270,9
79280,11
79290,7
79300,12
79310,11
79320,10
79330,10
79340,11
79350,10
79360,12
79370,11
79380,9
79390,12
79400,12
79410,12
79420,11
79430,11
79440,12
79450,10
79460,12
79470,11
79480,11
79490,12
79500,12
79510,12
79520,12
79530,12
79540,10
79550,16
79560,12
79570,11
79580,12
79590,12
79600,12
79610,13
79620,12
79630,11
79640,12
79650,11
79660,12
79670,11
79680,11
79690,10
79700,12
79710,11
79720,10
79730,9
79740,10
79750,11
79760,12
79770,14
79780,12
79790,12
79800,12
79810,10
79820,14
79830,11
79840,9
79850,12
79860,11
79870,10
79880,8
79890,10
79900,10
79910,12
79920,12
79930,11
79940,7
79950,10
79960,12
79970,12
79980,9
79990,12
80000,11
80010,10
80020,12
80030,12
80040,10
80050,9
80060,12
80070,12
80080,11
80090,12
80100,12
80110,13
80120,12
80130,9
80140,11
80150,12
80160,12
80170,12
80180,12
80190,11
80200,10
80210,12
80220,12
80230,13
80240,10
80250,12
80260,11
80270,11
80280,12
80290,11
80300,12
80310,9
80320,12
80330,11
80340,13
80350,12
80360,12
80370,12
80380,10
80390,12
80400,12
80410,10
80420,12
80430,12
80440,12
80450,11
80460,10
80470,12
80480,12
80490,12
80500,12
80510,9
80520,10
80530,13
80540,12
80550,11
80560,12
80570,10
80580,12
80590,12
80600,10
80610,13
80620,12
80630,12
80640,11
80650,12
80660,12
80670,11
80680,10
80690,10
80700,11
80710,12
80720,12
80730,12
80740,11
80750,11
80760,12
80770,12
80780,11
80790,12
80800,8
80810,12
80820,12
80830,11
80840,10
80850,10
80860,10
80870,10
80880,12
80890,12
80900,10
80910,12
80920,12
80930,13
80940,11
80950,11
80960,11
80970,14
80980,12
80990,10
81000,11
81010,12
81020,13
81030,11
81040,12
81050,12
81060,12
81070,9
81080,11
81090,13
81100,15
81110,11
81120,11
81130,12
81140,10
81150,13
81160,10
81170,11
81180,11
81190,11
81200,13
81210,12
81220,9
81230,10
81240,11
81250,11
81260,11
81270,10
81280,11
81290,14
81300,13
81310,12
81320,9
81330,12
81340,11
81350,10
81360,10
81370,10
81380,12
81390,11
81400,12
81410,13
81420,16
81430,11
81440,12
81450,11
81460,12
81470,9
81480,12
81490,12
81500,11
81510,10
81520,10
81530,12
81540,8
81550,12
81560,10
81570,11
81580,11
81590,11
81600,10
81610,12
81620,13
81630,11
81640,11
81650,13
81660,11
81670,10
81680,12
81690,11
81700,13
81710,12
81720,13
81730,12
81740,10
81750,11
81760,12
81770,12
81780,12
81790,12
81800,12
81810,12
81820,10
81830,10
81840,9
81850,11
81860,12
81870,11
81880,12
81890,11
81900,13
81910,12
81920,12
81930,12
81940,12
81950,14
81960,11
81970,12
81980,9
81990,11
82000,11
82010,11
82020,12
82030,10
82040,11
82050,13
82060,12
82070,11
82080,12
82090,14
82100,12
82110,11
82120,13
82130,13
82140,11
82150,12
82160,12
82170,12
82180,12
82190,13
82200,12
82210,12
82220,11
82230,11
82240,11
82250,11
82260,11
82270,12
82280,11
82290,10
82300,13
82310,9
82320,10
82330,11
82340,12
82350,11
82360,12
82370,12
82380,12
82390,11
82400,10
82410,12
82420,12
82430,12
82440,14
82450,12
82460,8
82470,12
82480,12
82490,11
82500,12
82510,10
82520,11
82530,11
82540,9
82550,12
82560,12
82570,13
82580,12
82590,11
82600,11
82610,11
82620,14
82630,11
82640,11
82650,11
82660,11
82670,11
82680,12
82690,11
82700,13
82710,11
82720,12
82730,10
82740,11
82750,11
82760,11
82770,12
82780,12
82790,12
82800,11
82810,9
82820,12
82830,13
82840,12
82850,12
82860,12
82870,13
82880,11
82890,12
82900,12
82910,12
82920,12
82930,11
82940,12
82950,10
82960,9
82970,10
82980,12
82990,12
83000,12
83010,10
83020,11
83030,12
83040,13
83050,12
83060,12
83070,12
83080,11
83090,12
83100,12
83110,11
83120,12
83130,12
83140,10
83150,12
83160,13
83170,9
83180,12
83190,13
83200,12
83210,11
83220,9
83230,13
83240,12
83250,12
83260,11
83270,12
83280,13
83290,12
83300,12
83310,10
83320,12
83330,9
83340,13
83350,12
83360,12
83370,11
83380,13
83390,10
83400,12
83410,12
83420,11
83430,12
83440,12
83450,9
83460,12
83470,10
83480,12
83490,12
83500,10
83510,10
83520,13
83530,12
83540,12
83550,11
83560,11
83570,12
83580,11
83590,11
83600,13
83610,13
83620,11
83630,11
83640,11
83650,10
83660,11
83670,12
83680,12
83690,12
83700,12
83710,11
83720,11
83730,10
83740,10
83750,13
83760,12
83770,11
83780,12
83790,12
83800,11
83810,9
83820,12
83830,11
83840,10
83850,13
83860,12
83870,10
83880,12
83890,13
83900,11
83910,11
83920,12
83930,12
83940,11
83950,11
83960,12
83970,11
83980,13
83990,11
84000,12
84010,12
84020,12
84030,12
84040,11
84050,11
84060,12
84070,12
84080,9
84090,12
84100,13
84110,14
84120,11
84130,11
84140,14
84150,12
84160,11
84170,12
84180,11
84190,10
84200,11
84210,9
84220,12
84230,12
84240,11
84250,12
84260,11
84270,12
84280,12
84290,11
84300,12
84310,11
84320,12
84330,12
84340,10
84350,12
84360,10
84370,12
84380,17
84390,10
84400,10
84410,11
84420,12
84430,11
84440,11
84450,12
84460,12
84470,12
84480,14
84490,12
84500,12
84510,10
84520,12
84530,10
84540,12
84550,12
84560,12
84570,11
84580,12
84590,12
84600,12
84610,12
84620,11
84630,11
84640,11
84650,11
84660,12
84670,12
84680,13
84690,9
84700,10
84710,12
84720,11
84730,12
84740,11
84750,12
84760,10
84770,12
84780,12
84790,11
84800,11
84810,11
84820,12
84830,12
84840,10
84850,13
84860,10
84870,11
84880,12
84890,12
84900,11
84910,12
84920,13
84930,12
84940,12
84950,10
84960,11
84970,12
84980,11
84990,12
85000,13
85010,11
85020,11
85030,12
85040,13
85050,13
85060,10
85070,12
85080,10
85090,11
85100,12
85110,13
85120,11
85130,12
85140,12
85150,12
85160,12
85170,10
85180,9
85190,13
85200,12
85210,12
85220,10
85230,10
85240,11
85250,12
85260,9
85270,12
85280,9
85290,10
85300,11
85310,11
85320,12
85330,12
85340,12
85350,11
85360,9
85370,11
85380,10
85390,13
85400,12
85410,10
85420,9
85430,10
85440,12
85450,11
85460,11
85470,11
85480,12
85490,11
85500,12
85510,12
85520,12
85530,12
85540,10
85550,12
85560,13
85570,11
85580,12
85590,13
85600,13
85610,12
85620,10
85630,12
85640,12
85650,13
85660,12
85670,10
85680,9
85690,11
85700,12
85710,11
85720,12
85730,12
85740,12
85750,11
85760,7
85770,11
85780,14
85790,12
85800,11
85810,12
85820,10
85830,11
85840,9
85850,11
85860,10
85870,10
85880,12
85890,12
85900,12
85910,12
85920,12
85930,13
85940,13
85950,13
85960,13
85970,12
85980,11
85990,13
86000,12
86010,11
86020,12
86030,11
86040,11
86050,10
86060,11
86070,9
86080,12
86090,12
86100,11
86110,9
86120,10
86130,12
86140,11
86150,12
86160,12
86170,12
86180,10
86190,12
86200,10
86210,13
86220,12
86230,12
86240,12
86250,10
86260,11
86270,12
86280,13
86290,9
86300,12
86310,11
86320,13
86330,11
86340,11
86350,12
86360,11
86370,14
86380,12
86390,12
86400,13
86410,9
86420,11
86430,10
86440,11
86450,12
86460,12
86470,11
86480,12
86490,13
86500,10
86510,11
86520,12
86530,11
86540,14
86550,11
86560,12
86570,11
86580,10
86590,12
86600,10
86610,13
86620,12
86630,12
86640,9
86650,11
86660,12
86670,10
86680,12
86690,8
86700,11
86710,12
86720,11
86730,12
86740,12
86750,12
86760,12
86770,12
86780,11
86790,13
86800,13
86810,11
86820,12
86830,13
86840,12
86850,13
86860,12
86870,12
86880,10
86890,11
86900,12
86910,13
86920,11
86930,12
86940,11
86950,11
86960,12
86970,13
86980,12
86990,12
87000,11
87010,10
87020,12
87030,11
87040,11
87050,12
87060,11
87070,12
87080,11
87090,15
87100,11
87110,11
87120,14
87130,9
87140,12
87150,12
87160,10
87170,10
87180,12
87190,11
87200,12
87210,12
87220,13
87230,10
87240,12
87250,10
87260,12
87270,11
87280,10
87290,11
87300,12
87310,14
87320,10
87330,10
87340,10
87350,12
87360,12
87370,11
87380,13
87390,12
87400,11
87410,11
87420,11
87430,12
87440,12
87450,11
87460,11
87470,10
87480,12
87490,10
87500,10
87510,10
87520,9
87530,14
87540,10
87550,11
87560,11
87570,10
87580,12
87590,11
87600,12
87610,12
87620,10
87630,13
87640,8
87650,10
87660,9
87670,10
87680,11
87690,12
87700,12
87710,12
87720,10
87730,11
87740,9
87750,11
87760,12
87770,11
87780,10
87790,12
87800,11
87810,10
87820,11
87830,12
87840,12
87850,12
87860,12
87870,9
87880,11
87890,11
87900,12
87910,13
87920,12
87930,12
87940,11
87950,12
87960,10
87970,12
87980,11
87990,12
88000,10
88010,11
88020,10
88030,11
88040,12
88050,12
88060,13
88070,11
88080,12
88090,11
88100,10
88110,13
88120,12
88130,11
88140,11
88150,12
88160,11
88170,12
88180,11
88190,12
88200,14
88210,10
88220,10
88230,12
88240,11
88250,10
88260,11
88270,10
88280,10
88290,12
88300,10
88310,11
88320,12
88330,12
88340,9
88350,11
88360,12
88370,10
88380,12
88390,9
88400,12
88410,13
88420,14
88430,11
88440,9
88450,14
88460,11
88470,12
88480,8
88490,12
88500,11
88510,10
88520,10
88530,11
88540,12
88550,10
88560,11
88570,11
88580,12
88590,12
88600,11
88610,11
88620,14
88630,10
88640,10
88650,12
88660,13
88670,10
88680,12
88690,13
88700,10
88710,12
88720,9
88730,9
88740,12
88750,11
88760,12
88770,11
88780,12
88790,10
88800,13
88810,12
88820,12
88830,12
88840,12
88850,12
88860,8
88870,9
88880,12
88890,10
88900,14
88910,11
88920,10
88930,11
88940,12
88950,12
88960,13
88970,13
88980,10
88990,13
89000,9
89010,11
89020,13
89030,12
89040,11
89050,12
89060,14
89070,10
89080,12
89090,12
89100,12
89110,14
89120,12
89130,12
89140,10
89150,12
89160,9
89170,12
89180,10
89190,13
89200,13
89210,12
89220,11
89230,11
89240,11
89250,9
89260,12
89270,9
89280,12
89290,13
89300,12
89310,11
89320,12
89330,13
89340,14
89350,12
89360,9
89370,12
89380,10
89390,11
89400,12
89410,10
89420,12
89430,12
89440,11
89450,13
89460,11
89470,14
89480,12
89490,11
89500,13
89510,11
89520,12
89530,10
89540,9
89550,9
89560,11
89570,12
89580,12
89590,12
89600,12
89610,11
89620,11
89630,12
89640,11
89650,12
89660,10
89670,12
89680,12
89690,12
89700,12
89710,12
89720,12
89730,13
89740,11
89750,12
89760,13
89770,14
89780,12
89790,11
89800,12
89810,11
89820,14
89830,10
89840,11
89850,11
89860,10
89870,13
89880,12
89890,13
89900,13
89910,10
89920,11
89930,11
89940,11
89950,9
89960,12
89970,12
89980,10
89990,12
90000,9
90010,8
90020,12
90030,10
90040,12
90050,13
90060,13
90070,11
90080,11
90090,10
90100,12
90110,11
90120,12
90130,11
90140,12
90150,11
90160,12
90170,13
90180,11
90190,12
90200,11
90210,11
90220,14
90230,11
90240,11
90250,12
90260,12
90270,9
90280,10
90290,11
90300,12
90310,11
90320,12
90330,12
90340,12
90350,10
90360,13
90370,11
90380,12
90390,11
90400,10
90410,12
90420,12
90430,14
90440,12
90450,13
90460,11
90470,12
90480,11
90490,11
90500,10
90510,11
90520,11
90530,12
90540,10
90550,12
90560,11
90570,12
90580,10
90590,13
90600,12
90610,12
90620,13
90630,12
90640,11
90650,12
90660,10
90670,11
90680,12
90690,12
90700,12
90710,11
90720,10
90730,11
90740,11
90750,12
90760,10
90770,11
90780,12
90790,11
90800,11
90810,11
90820,12
90830,12
90840,11
90850,12
90860,11
90870,13
90880,11
90890,11
90900,12
90910,11
90920,11
90930,12
90940,10
90950,9
90960,9
90970,12
90980,10
90990,11
91000,11
91010,12
91020,14
91030,12
91040,13
91050,11
91060,14
91070,11
91080,12
91090,10
91100,11
91110,12
91120,8
91130,14
91140,10
91150,12
91160,12
91170,12
91180,10
91190,13
91200,12
91210,10
91220,11
91230,12
91240,9
91250,11
91260,13
91270,10
91280,12
91290,11
91300,12
91310,11
91320,12
91330,11
91340,11
91350,9
91360,12
91370,11
91380,11
91390,10
91400,12
91410,11
91420,12
91430,10
91440,14
91450,12
91460,10
91470,14
91480,12
91490,10
91500,11
91510,12
91520,12
91530,9
91540,13
91550,12
91560,12
91570,11
91580,10
91590,12
91600,12
91610,12
91620,13
91630,12
91640,9
91650,14
91660,11
91670,12
91680,12
91690,13
91700,12
91710,10
91720,11
91730,9
91740,10
91750,9
91760,8
91770,10
91780,13
91790,12
91800,12
91810,10
91820,13
91830,12
91840,12
91850,12
91860,11
91870,9
91880,12
91890,10
91900,12
91910,12
91920,15
91930,11
91940,12
91950,12
91960,13
91970,12
91980,9
91990,13
92000,11
92010,11
92020,10
92030,10
92040,13
92050,11
92060,12
92070,11
92080,12
92090,11
92100,12
92110,12
92120,11
92130,12
92140,12
92150,11
92160,11
92170,13
92180,10
92190,12
92200,12
92210,10
92220,12
92230,14
92240,11
92250,11
92260,10
92270,12
92280,12
92290,11
92300,13
92310,9
92320,12
92330,12
92340,13
92350,11
92360,12
92370,11
92380,12
92390,12
92400,12
92410,11
92420,11
92430,12
92440,12
92450,11
92460,14
92470,11
92480,13
92490,12
92500,10
92510,12
92520,12
92530,10
92540,11
92550,12
92560,12
92570,11
92580,11
92590,12
92600,12
92610,11
92620,13
92630,10
92640,11
92650,12
92660,14
92670,13
92680,11
92690,10
92700,11
92710,12
92720,12
92730,10
92740,12
92750,12
92760,10
92770,12
92780,11
92790,13
92800,11
92810,10
92820,11
92830,12
92840,10
92850,11
92860,11
92870,11
92880,11
92890,12
92900,12
92910,13
92920,12
92930,12
92940,12
92950,10
92960,12
92970,10
92980,12
92990,13
93000,12
93010,12
93020,11
93030,10
93040,10
93050,12
93060,12
93070,11
93080,13
93090,12
93100,12
93110,11
93120,11
93130,11
93140,12
93150,12
93160,13
93170,11
93180,12
93190,11
93200,12
93210,11
93220,11
93230,12
93240,12
93250,13
93260,13
93270,9
93280,12
93290,11
93300,9
93310,9
93320,12
93330,12
93340,12
93350,11
93360,11
93370,11
93380,11
93390,13
93400,11
93410,12
93420,10
93430,11
93440,10
93450,13
93460,11
93470,9
93480,12
93490,12
93500,12
93510,10
93520,12
93530,10
93540,12
93550,11
93560,12
93570,11
93580,12
93590,11
93600,12
93610,13
93620,10
93630,12
93640,12
93650,10
93660,14
93670,10
93680,12
93690,11
93700,12
93710,11
93720,11
93730,12
93740,10
93750,9
93760,11
93770,12
93780,12
93790,14
93800,13
93810,11
93820,11
93830,13
93840,11
93850,14
93860,13
93870,12
93880,10
93890,12
93900,12
93910,11
93920,10
93930,12
93940,11
93950,13
93960,12
93970,13
93980,9
93990,12
94000,11
94010,12
94020,11
94030,12
94040,12
94050,12
94060,13
94070,9
94080,12
94090,12
94100,13
94110,11
94120,12
94130,13
94140,10
94150,12
94160,12
94170,12
94180,12
94190,12
94200,10
94210,8
94220,11
94230,12
94240,12
94250,12
94260,12
94270,12
94280,11
94290,16
94300,11
94310,12
94320,13
94330,9
94340,11
94350,11
94360,12
94370,10
94380,12
94390,10
94400,10
94410,10
94420,12
94430,12
94440,12
94450,10
94460,11
94470,11
94480,12
94490,10
94500,12
94510,10
94520,11
94530,10
94540,10
94550,12
94560,12
94570,10
94580,13
94590,11
94600,14
94610,13
94620,10
94630,9
94640,12
94650,12
94660,12
94670,10
94680,12
94690,12
94700,11
94710,12
94720,12
94730,11
94740,11
94750,13
94760,12
94770,12
94780,11
94790,12
94800,11
94810,11
94820,14
94830,12
94840,12
94850,11
94860,13
94870,12
94880,11
94890,12
94900,11
94910,14
94920,11
94930,12
94940,11
94950,12
94960,11
94970,11
94980,12
94990,11
95000,8
95010,11
95020,13
95030,11
95040,11
95050,12
95060,11
95070,13
95080,12
95090,12
95100,11
95110,11
95120,10
95130,11
95140,9
95150,11
95160,12
95170,12
95180,9
95190,13
95200,12
95210,11
95220,12
95230,11
95240,10
95250,12
95260,10
95270,10
95280,14
95290,12
95300,12
95310,12
95320,11
95330,12
95340,11
95350,13
95360,12
95370,9
95380,9
95390,14
95400,12
95410,13
95420,11
95430,12
95440,12
95450,10
95460,10
95470,10
95480,11
95490,10
95500,12
95510,10
95520,12
95530,12
95540,11
95550,12
95560,11
95570,11
95580,11
95590,12
95600,12
95610,9
95620,13
95630,12
95640,13
95650,12
95660,12
95670,13
95680,13
95690,11
95700,10
95710,10
95720,10
95730,12
95740,13
95750,12
95760,10
95770,11
95780,12
95790,12
95800,13
95810,13
95820,12
95830,12
95840,9
95850,12
95860,11
95870,10
95880,12
95890,13
95900,12
95910,11
95920,13
95930,12
95940,13
95950,11
95960,12
95970,11
95980,13
95990,12
96000,12
96010,13
96020,7
96030,13
96040,10
96050,13
96060,11
96070,10
96080,11
96090,13
96100,12
96110,12
96120,11
96130,13
96140,12
96150,15
96160,10
96170,13
96180,10
96190,12
96200,9
96210,13
96220,12
96230,12
96240,10
96250,11
96260,12
96270,9
96280,11
96290,10
96300,12
96310,12
96320,11
96330,11
96340,13
96350,14
96360,13
96370,12
96380,12
96390,10
96400,12
96410,12
96420,14
96430,13
96440,13
96450,11
96460,11
96470,13
96480,12
96490,12
96500,11
96510,12
96520,11
96530,13
96540,12
96550,12
96560,12
96570,11
96580,10
96590,10
96600,10
96610,12
96620,12
96630,12
96640,12
96650,11
96660,10
96670,13
96680,9
96690,11
96700,10
96710,12
96720,10
96730,11
96740,12
96750,12
96760,12
96770,11
96780,11
96790,11
96800,12
96810,10
96820,12
96830,12
96840,11
96850,12
96860,12
96870,11
96880,12
96890,11
96900,14
96910,12
96920,12
96930,11
96940,11
96950,10
96960,11
96970,13
96980,9
96990,12
97000,11
97010,12
97020,11
97030,12
97040,10
97050,10
97060,12
97070,11
97080,12
97090,10
97100,10
97110,11
97120,10
97130,12
97140,10
97150,11
97160,13
97170,13
97180,11
97190,12
97200,10
97210,13
97220,11
97230,10
97240,10
97250,10
97260,10
97270,11
97280,9
97290,12
97300,10
97310,13
97320,11
97330,11
97340,11
97350,9
97360,12
97370,11
97380,11
97390,12
97400,11
97410,12
97420,12
97430,14
97440,12
97450,12
97460,12
97470,13
97480,12
97490,12
97500,11
97510,11
97520,11
97530,14
97540,11
97550,12
97560,10
97570,12
97580,12
97590,12
97600,13
97610,12
97620,11
97630,13
97640,13
97650,12
97660,10
97670,9
97680,12
97690,10
97700,10
97710,12
97720,12
97730,12
97740,13
97750,11
97760,11
97770,12
97780,11
97790,10
97800,12
97810,12
97820,10
97830,12
97840,12
97850,11
97860,12
97870,11
97880,12
97890,12
97900,11
97910,12
97920,10
97930,10
97940,12
97950,14
97960,12
97970,12
97980,12
97990,11
98000,12
98010,12
98020,12
98030,11
98040,10
98050,12
98060,11
98070,10
98080,10
98090,9
98100,12
98110,12
98120,12
98130,12
98140,12
98150,11
98160,12
98170,12
98180,12
98190,11
98200,12
98210,13
98220,11
98230,13
98240,13
98250,11
98260,12
98270,10
98280,11
98290,11
98300,10
98310,12
98320,13
98330,12
98340,10
98350,11
98360,11
98370,10
98380,11
98390,11
98400,11
98410,10
98420,12
98430,11
98440,11
98450,10
98460,12
98470,11
98480,10
98490,13
98500,10
98510,9
98520,11
98530,12
98540,11
98550,11
98560,11
98570,11
98580,12
98590,12
98600,15
98610,12
98620,11
98630,12
98640,9
98650,10
98660,12
98670,14
98680,12
98690,11
98700,12
98710,12
98720,9
98730,12
98740,11
98750,7
98760,10
98770,12
98780,12
98790,13
98800,11
98810,11
98820,11
98830,9
98840,15
98850,12
98860,12
98870,11
98880,12
98890,12
98900,9
98910,10
98920,11
98930,13
98940,12
98950,12
98960,12
98970,11
98980,11
98990,11
99000,12
99010,10
99020,10
99030,12
99040,10
99050,9
99060,12
99070,11
99080,12
99090,13
99100,12
99110,12
99120,12
99130,12
99140,10
99150,12
99160,11
99170,11
99180,10
99190,13
99200,9
99210,12
99220,12
99230,11
99240,12
99250,11
99260,10
99270,9
99280,11
99290,11
99300,10
99310,12
99320,10
99330,11
99340,12
99350,12
99360,12
99370,12
99380,12
99390,10
99400,9
99410,10
99420,12
99430,13
99440,13
99450,12
99460,11
99470,12
99480,11
99490,11
99500,13
99510,9
99520,12
99530,13
99540,13
99550,11
99560,10
99570,10
99580,11
99590,9
99600,10
99610,11
99620,9
99630,12
99640,10
99650,11
99660,12
99670,12
99680,13
99690,10
99700,9
99710,12
99720,12
99730,12
99740,11
99750,12
99760,10
99770,9
99780,12
99790,10
99800,12
99810,9
99820,11
99830,10
99840,13
99850,11
99860,10
99870,13
99880,11
99890,10
99900,11
99910,12
99920,10
99930,9
99940,12
99950,10
99960,12
99970,13
99980,12
99990,12
100000,13